2844.7056,7710.6876
4097.3554,15368.3132
13690.8956,7457.7345
14899.3139,14572.7124
11695.4712,5099.6931
12277.4124,2307.5432
17795.0651,15609.3226
13658.1571,12313.0146
16123.0553,17829.5646
4452.8658,18506.2992
11353.6201,18478.5534
7722.9563,14402.8626
10041.7656,681.4382
7572.1278,11060.2897
10653.7271,13558.6165
6455.5634,12241.7314
5273.1530,8855.0298
634.4315,6308.1893
4528.1217,3558.3886
5129.4297,6592.3919
12010.6289,2053.2737
6197.8475,11006.6008
12719.7789,5250.1418
15103.7981,12736.3547
3592.6756,3544.1384
18894.6813,4289.4102
1052.0976,15970.1078
12775.8980,561.5187
6091.4526,10776.3780
12165.8621,8589.6899
8134.7612,17038.0663
12167.3405,15727.3297
18484.4919,8969.6207
2179.7817,11928.7274
352.7930,8933.2488
18722.2362,3112.5933
19507.5382,9900.7292
18502.3436,14582.8770
441.6661,3664.4105
473.8112,16349.1584
1738.2772,263.2588
4138.4391,6336.9426
18854.6893,19147.4329
17880.7514,4328.7364
8269.1381,12785.7264
19039.9354,13781.1681
18191.6806,1673.4623
9416.2070,10450.7167
7304.4890,14682.8185
18753.1180,9870.7505
1205.6695,10406.9840
11465.7262,15334.7762
15157.9729,1632.2908
19934.8758,14946.9953
18263.3768,15812.4131
9046.1788,5887.6325
12865.7752,6310.0037
7032.1095,3688.4561
501.3301,2340.4329
18708.0570,4515.9196
16283.2443,2300.8977
10240.6905,12718.7507
187.8699,10967.4613
8128.9460,1603.1433
349.4319,11696.7114
400.0160,5558.4600
4127.5770,15981.2520
4111.8201,10587.7840
13335.2814,3251.2158
7252.0622,298.6740
11534.0711,12027.5881
688.1509,4741.7636
503.6367,13183.2756
2595.1077,13318.6484
8002.4593,16197.0518
19137.9297,8983.8345
5775.5644,2400.4360
11512.4452,12161.9641
13116.0441,14029.1492
17514.8583,7652.2703
13281.8918,1450.2036
13537.4844,16441.0974
5873.6615,1541.1523
1263.0853,10081.0593
15011.9152,2612.0070
15180.8825,6275.1846
6836.7330,7243.6481
13734.5249,17090.8818
5453.7144,4736.0173
1162.3250,13575.6624
12568.1154,17691.3976
13886.0935,10125.3129
8569.1485,9279.5257
17267.9094,14696.9606
7298.3858,13472.7563
16814.2690,7727.7875
6921.9396,7050.8340
12101.6065,14248.1060
18849.0387,9237.7175
2915.1102,2386.2260
6604.1867,10962.3730
2635.1806,4122.0956
14690.6414,5475.7585
5107.3439,1324.0355
16573.9686,13662.6616
15727.4128,12101.2674
204.8323,16718.6080
10523.7242,8305.8553
18309.8833,341.3380
17862.9677,10879.7549
6135.6021,2939.7928
11412.4005,3671.5496
1540.9677,7948.7457
7075.1799,11138.0107
18183.5056,13666.5890
6326.6940,10624.9563
12522.9069,19651.9348
1878.7514,8414.7788
2093.2843,3999.7220
12625.1939,4636.8857
5500.5364,18871.1647
6933.2932,15266.8974
7543.1807,14175.8409
8988.8871,12519.0353
4336.4093,5161.4531
7413.2892,14447.8360
19159.7738,6919.0477
1640.6615,15245.1427
18217.1759,13402.0395
1348.7626,17003.5672
5964.6994,17356.5706
14966.6610,15878.0401
17753.5115,9657.9044
13116.6178,16197.1411
19077.6575,13422.4237
1510.7789,8470.5247
5848.7040,16761.1600
10733.3518,4272.0446
217.2374,8170.4498
6564.4573,16157.3493
17536.2410,15791.7347
8571.5191,16267.2035
18500.9568,11825.4229
12443.5713,11068.9596
7886.6982,13965.5981
8909.9361,17159.2803
12391.7589,6969.6250
4315.1948,4249.2208
9279.5427,9815.4348
12090.6152,18733.3006
5062.9611,6417.4909
3548.3051,19980.7219
11882.5260,7212.5372
15216.4856,18670.9491
19121.1183,16960.3961
11010.5220,6573.8030
15919.3169,3064.2024
391.9612,5512.9223
19473.7222,5277.5416
1326.4371,32.5115
12439.5363,18465.0008
9868.1467,4980.6191
10623.7747,12375.7931
7339.2939,8821.3477
13791.2671,12699.2749
4371.5107,9917.6828
1859.9479,15976.4831
14296.3956,16720.6880
1504.0882,6615.1140
2293.7517,13777.8158
19200.5852,4123.4665
3066.0201,3217.8882
17412.5543,248.7931
5812.6665,14624.6388
11861.8758,19057.0373
11103.2162,8286.0221
1145.6510,4351.2761
16445.4151,334.0178
14488.9557,1851.5971
10010.3927,2996.2104
12818.7228,4092.0271
13888.3451,17515.1580
9283.3759,14102.6280
19591.7943,6502.5146
18802.3844,9244.0304
12389.1176,2281.1209
19552.0928,6262.2218
19480.1582,19539.3327
17937.5993,10263.4637
13786.3807,15340.4146
4882.5110,11614.1201
17463.9850,7405.9284
11740.2884,5816.0258
2136.8205,5012.2552
7663.6578,3318.7723
10009.5267,6759.0853
3045.4069,7454.2481
16949.3770,2872.3257
5566.5931,3921.4164
8960.1788,2967.1610
303.3401,10769.0461
882.5327,13042.8122
4258.8137,15692.8526
18213.6629,10091.6561
13367.1495,12696.1095
14892.8566,8000.0806
4775.8649,9162.7086
8312.0159,13925.6865
7762.0555,16944.8137
17663.7223,15655.2010
15462.1465,8168.4730
9587.9917,18313.8707
6480.7745,18222.0358
18975.0560,2846.9824
19570.5394,10454.2286
779.4452,525.9932
18461.5651,15439.4842
1963.1689,18512.5512
16696.2892,15468.0371
3748.4353,14849.3141
13235.7121,9437.9360
18990.9803,283.2126
2177.6520,6649.1035
8542.6279,5241.1110
12888.2989,2799.9402
14546.6022,4266.2711
14333.6826,15492.9548
9111.2758,10387.5442
14824.5374,18247.1170
1300.7502,2047.2365
7086.2118,12469.4061
19610.6159,7222.1530
15748.0902,12641.1625
16441.9998,12296.9515
12239.9448,284.9758
18619.3865,2260.1405
10415.1057,16960.7956
4933.9898,13452.5230
2828.7218,8044.8430
7716.1580,17753.6032
11709.0712,7344.2778
14322.3952,10543.7744
19603.8686,7437.2014
3635.4802,15731.0769
306.3172,2024.2122
8684.6780,11768.1715
12428.2231,6069.6325
18880.4048,852.8046
9540.3938,19787.2148
7533.1409,2102.0142
8106.8450,13845.4279
5143.6522,11758.4500
17977.4647,8420.7087
5864.5850,17499.4626
770.7881,9374.8124
18380.8809,17519.4014
5156.4400,11685.7987
18887.9113,1489.3704
1069.0095,1613.4667
6979.1913,8927.7656
11574.6965,9844.4506
14243.9784,7192.3196
15848.3149,10301.1899
7662.6406,5826.7658
5934.6237,12975.6868
9010.2453,18879.3018
8814.1868,562.5762
6473.1471,11169.9696
7087.3973,6649.9139
17509.4649,18187.0256
14411.5687,18643.0956
1264.2224,16681.4556
8624.7835,13436.7146
584.5874,1207.7294
5672.8230,780.8949
680.2929,8675.6918
2805.3665,3663.2614
1610.0081,1798.3121
10877.1274,7160.9483
229.8240,6806.0401
12404.8242,7391.2023
13197.5565,8395.2925
11626.0537,1781.3153
10447.8018,17664.4575
18106.0461,10618.4684
2673.8779,9055.0876
10306.0854,18598.2062
11496.4100,5547.3817
8637.8647,10009.5057
491.7858,15600.8118
17007.3801,13032.9426
18378.0046,12497.9972
13895.2093,14357.0804
16006.8896,14510.6152
713.6091,10504.9268
2397.9506,7802.6677
6383.5975,14841.1081
6204.4218,2962.1529
7791.4912,4588.8424
13940.4970,11325.3604
18871.7648,10134.4307
11828.2023,18035.6458
12551.3375,5214.0281
13067.3454,10926.5494
14040.0076,19103.8614
2817.8671,2403.8346
19088.0103,2465.7477
7880.9869,15302.8374
10544.8054,4447.2480
19977.9965,15482.5561
18741.0821,19295.4390
2324.5991,5496.5173
13929.2914,10952.4119
12505.1256,8734.1738
19251.4571,18803.6704
5922.9268,4645.2984
18928.5685,9061.8280
7183.9001,17858.3103
6121.6758,7173.8722
15689.8744,8420.7327
7002.6927,6846.6450
631.2737,5791.9354
14335.9931,5632.3873
10462.6172,12223.5764
3733.9201,1147.1215
19858.3660,10415.8889
6203.8336,4567.6393
17207.9149,18056.5441
11939.7535,9570.0058
3064.7229,4084.1967
11956.4931,5677.5634
5375.9727,3035.4394
16714.3102,5013.4409
19278.0927,13726.2837
1832.7496,19353.0052
13380.4715,16753.8609
16505.2497,6027.8188
5392.1466,7701.3103
15979.9496,5761.9345
405.8188,14824.3839
11219.1914,7876.5473
7929.9693,3600.7984
3268.6128,5935.8888
17639.1687,11288.8488
6421.4710,15776.1877
18707.9590,8543.9299
7889.1484,7428.7753
18476.2218,15392.5439
17461.4926,1057.8115
5633.6296,9622.7436
17740.8871,15958.3136
7549.7414,19387.5050
17041.8128,13392.4941
11044.9676,19912.6791
17785.5256,17814.7653
3423.8411,219.5052
6984.4610,15510.4426
15871.5060,2820.0285
5756.1023,3232.2664
18047.5701,19802.3420
14000.5246,19070.8340
12815.6350,11151.1074
13449.7189,7845.3653
3685.0061,5424.0071
17899.1140,13726.7887
9072.1109,13524.4889
14048.2464,10448.0977
2911.4300,4137.5155
17012.3290,13713.4040
7559.8136,256.6995
8145.8111,5881.5737
1051.6866,18644.4660
11573.0355,5052.0676
16265.5233,9287.6113
8420.5152,7008.7327
4836.4560,7688.0358
14826.7738,15222.3190
16485.2843,5142.0966
4284.6154,15530.9539
13681.5274,18986.9463
12039.0911,18468.6040
16679.9567,13959.7013
10727.3382,15221.8352
11021.2978,17156.0682
5992.2709,10901.8193
10978.0786,16024.9514
11856.5892,2608.9064
6513.5851,16390.4092
10946.9611,16320.7193
6879.2864,1374.6353
8048.8555,14560.3611
4806.5251,3146.3120
19061.2326,8939.9718
7045.2174,18665.2383
7943.0987,4111.0313
1157.6427,15869.5497
14301.8183,13970.6283
15990.4709,12602.1120
490.6504,7569.2180
14529.5926,12352.8575
4723.4415,3939.8948
9943.8628,3574.2996
9692.5488,15930.2998
4935.2072,13428.8231
7865.9649,18464.6621
545.3519,7289.4148
5212.5760,5572.1017
8961.7487,10318.3145
6579.0371,8989.0736
16921.3731,6429.5922
16176.1070,15003.2241
10382.8703,18487.7466
5449.4636,15336.2314
16641.6000,17364.3259
16165.2898,18847.6815
4502.8675,2226.1780
16031.8101,19007.0754
827.4757,10801.2004
1801.1559,9295.0440
6406.6685,1537.9663
6607.6067,15977.0997
13221.5649,10564.4129
5519.5371,5051.2168
1278.5036,5369.2369
2018.3301,10705.0883
7308.2702,11607.8941
14185.5318,18215.7439
1472.5773,18853.7349
14117.3761,9949.9375
18711.2425,99.5040
13404.0539,7850.9189
856.0091,8394.6322
11509.3685,3887.9255
8935.5413,1970.9454
1116.2651,12788.6285
7205.8893,5425.0290
10325.4956,7591.1648
19139.5867,2417.0476
19022.6168,9701.7826
6278.2208,9430.8402
7624.9131,14610.0930
7119.6207,9528.8877
10247.7280,578.6356
9509.0757,10991.5550
11987.9392,261.4796
9592.4243,5403.5146
12424.4820,3357.6088
14746.9704,10351.0962
19571.4636,7412.4917
13612.9710,5815.4944
10809.0001,2221.7331
12856.5466,10430.2916
5279.0699,13560.3217
10057.9184,19828.1484
10467.1767,9239.7014
11952.3121,615.1017
5338.8130,11095.5915
3128.8477,938.4886
16766.5782,15017.5346
4031.5381,18698.6801
5253.2564,2135.5979
4795.1200,15931.1994
19770.3279,9590.5494
3754.6524,15272.5188
13243.7006,14075.8593
17417.1600,7001.4125
379.2887,15713.2628
4455.1830,1081.7536
8913.5660,6487.8496
11488.0723,3416.1315
3077.3608,10920.2890
6297.2513,14130.8128
12337.0407,13575.6562
16844.5176,9916.8049
15822.2826,17901.8604
11422.3495,17468.4990
9454.7560,14569.2562
19274.3928,17153.3146
19761.2884,14441.0165
14401.4226,18294.1074
16746.8437,10511.3265
885.4973,11407.9018
12407.5154,10614.9901
16374.3930,15822.3864
8381.7707,1654.1312
6263.1594,8297.4429
3881.8499,12109.9978
7868.7465,17975.5240
16036.2415,11255.0838
8809.4580,1674.3920
5687.8134,18530.7163
17539.3000,8571.4989
16066.4846,10056.9850
11027.8493,3854.7394
6911.5650,5464.4085
14676.7928,382.4066
3730.1493,2627.8259
11836.5401,18233.0640
12820.3753,285.5402
7324.3657,13310.7811
