10610.5798,17732.8471
10587.5733,10082.8941
11687.8602,5912.4190
2790.7490,4933.0494
10494.5932,15224.7385
984.4354,17972.5703
7659.7152,9322.7484
865.5870,5286.7620
1931.3994,13521.0929
13967.0030,18735.0076
17823.5443,3355.7364
15886.9242,11153.2211
16292.1226,3174.5117
19384.2212,19786.8618
16068.7749,176.4008
1766.1972,6022.2320
5794.5849,15585.5814
7523.6939,15573.2810
11691.5193,18662.1820
6912.6848,6584.1093
11699.8492,13677.0727
10004.2024,1398.4319
4985.1356,13978.3520
5485.7471,15342.3390
7038.6890,17750.9105
1563.9550,2056.5528
14229.9367,10747.8573
12093.5097,13794.1522
19936.7939,1278.2795
10730.3445,2654.5975
8633.1561,15279.6069
15469.3820,7333.7771
16186.3312,7099.0012
3077.4954,3831.8740
4122.1114,10440.7078
14634.7078,17435.3889
7349.7678,14104.1655
6307.0193,18424.4050
5290.3300,19598.9488
12897.4390,3295.5818
4546.4779,3093.9361
2704.5758,3802.7772
8670.3645,161.5040
6002.9513,7320.5616
19204.3893,3201.9940
7805.0482,16219.4959
9397.8711,19017.7953
8740.4402,8191.6052
12921.5799,18138.5451
751.2898,1364.5614
8163.5144,4468.9681
13695.4278,16343.9975
5001.2722,13286.6487
3021.2236,4600.7340
2763.9253,16251.9182
6080.5564,14449.2407
18904.5460,8161.6450
3063.5865,16386.7430
18449.3463,18188.7334
2910.8303,6482.3987
14198.2024,18047.0705
18928.2593,77.4237
2590.7731,4769.3123
19008.2667,16280.9947
13399.3833,4501.6765
16381.9298,7951.1118
10365.8447,14570.3434
8841.6722,13008.1804
14398.5858,1463.7992
10997.7679,8738.9112
9649.2358,9050.0904
8843.0979,7001.5159
4666.8650,19542.0828
8301.6146,203.8703
2686.9990,15267.6315
2461.6603,2650.7821
10605.1091,7058.3546
7543.7035,5812.2238
10465.7374,4341.5119
15764.6633,2975.1144
18574.9776,8009.1142
18527.2361,15248.9011
9046.5654,4317.6391
7892.1783,18435.4518
11370.7481,7369.2304
12774.1723,11086.8862
14062.8954,3400.5065
6963.0003,16745.4381
10850.7335,11206.1220
19625.1806,9299.2041
14980.0626,3235.7480
8527.9348,1964.4289
7565.4553,11000.3724
4888.4754,3420.9220
16822.2962,4810.1801
10940.9323,8751.8584
14844.8796,11338.5125
16614.2199,13935.1526
17935.3824,1754.5572
1921.7441,10890.3429
11506.4270,12941.0741
15894.2930,7209.7516
23.8172,15860.5850
333.2241,16394.0093
6275.6792,18801.7530
3213.6037,1705.2756
3072.6218,5069.1852
6253.3891,765.9509
12335.1283,17227.6829
10403.9835,6750.3590
8743.6363,16533.2178
17520.8747,4073.8452
16812.5787,4096.1721
11296.5895,8133.1865
15469.4102,9915.2741
3468.2805,10671.9059
4326.9209,4888.0649
18840.6476,1795.1367
12863.5534,9884.1331
17620.4873,7963.7295
2521.4794,12626.4800
19296.1698,1399.3370
11841.6506,1603.7733
17822.7538,6974.4121
5642.6677,14697.1968
17943.8511,2906.0330
11434.7873,16975.8860
3731.9703,11685.6633
16768.7735,1706.5006
2287.0813,12083.2884
10445.1585,19589.6380
19815.5942,10621.9230
11112.5944,10853.0775
1400.7386,9531.7594
9721.8123,17326.9370
12790.2014,10132.8347
7842.7276,13037.3831
18839.1947,18877.2098
15556.1392,722.0518
19141.7395,16245.9509
10424.0540,17631.0898
7805.7411,4117.8090
18336.6615,2092.8781
18535.4268,3932.6016
5913.0110,1220.2259
12721.0123,19824.7113
2244.0054,2051.5359
11812.9546,18159.5635
16738.0172,17654.9628
9804.6561,8806.8147
12819.3521,6963.8134
4650.1351,9671.3705
7161.6826,8496.6733
3200.4407,7013.5284
10271.3673,16816.9590
10799.8432,7812.4676
16599.0361,9473.0725
5881.2707,6159.1991
7995.6895,12566.4125
6919.1551,5554.5995
611.9871,7581.4041
326.6153,8875.4468
19870.7336,9510.4425
12905.2615,5181.2103
18935.2864,3403.3709
2784.8763,9885.4015
19382.4365,843.1210
19924.8004,546.8991
16325.7152,4175.1959
3742.9019,2632.5073
1768.8692,4812.3706
3762.2351,1030.5835
12152.8873,8430.1986
5656.8403,14672.8782
7838.1693,11108.9258
15999.1022,8420.0926
16921.2639,8836.2437
8178.2250,6343.7149
11481.2617,12312.9034
940.0526,15625.4145
17215.2081,1090.1930
3670.8475,8594.6748
69.7844,13675.4481
6801.9352,4870.8675
9707.6532,11163.0472
5743.7798,17346.4565
4903.6596,11303.2660
16160.0180,16426.3622
976.7957,1284.4383
1679.2120,3851.1326
13176.8328,12106.8237
7733.6084,16658.8159
10894.0718,17745.1554
17317.0609,17790.4096
11410.8833,12078.7423
5251.0370,13779.7319
4540.0499,7968.0307
10559.1978,3555.8460
15280.2555,5305.2634
2446.4518,6007.3851
9957.2189,6583.0219
6750.3624,10532.8394
11769.5071,9430.4799
2403.9386,9263.3012
1331.0122,860.9649
11680.7747,19509.2249
16822.5531,14970.8963
7535.1391,17804.7923
4241.4606,2230.9862
823.7605,3290.6710
5691.7236,7104.4295
1458.9305,15615.8669
18549.9566,12873.9566
8026.3449,3927.0691
18593.4520,16311.5887
11894.1993,17936.6902
10319.9061,7103.3475
15318.9004,13283.5524
17068.8051,12032.9546
2979.7065,3009.4341
9839.4727,11659.2628
1426.4216,17977.3379
5745.2637,1966.6380
17584.7306,2731.2162
7636.6386,15899.2115
14336.5552,16835.4500
5321.0437,8387.5277
9680.9661,16285.9061
18039.4477,9354.8801
1482.9392,9331.4500
5269.1228,12117.0216
12189.3642,18603.2279
1297.1458,17377.7626
17344.7438,698.7832
16605.5830,14455.8990
14626.0577,2719.0990
10029.4321,10054.7477
555.2874,3910.7357
13827.5170,1628.3289
4188.2403,1128.6238
7542.7032,4354.0990
13496.1506,15558.8312
3735.6617,14418.4509
6752.7096,16648.0041
13918.1459,12613.2117
11590.9497,8095.2992
13390.4937,4516.1715
8560.7631,4480.8221
3706.1093,11832.8697
363.6496,5239.7683
9488.8192,11040.3944
13612.8193,6996.2822
10911.3739,5677.6083
12603.6913,19754.8198
8012.3878,8003.7427
17307.2086,5187.1359
19613.6204,19313.6782
5740.1443,10328.1042
12105.9168,19496.4884
7537.9835,17816.9943
14958.9779,10883.1688
7598.0859,2309.2108
4872.9841,14611.0653
14170.4425,11644.3664
8308.5867,7069.2922
7938.8586,1198.6842
17055.0976,12298.0490
8879.2281,9146.2444
12296.5278,13532.6071
17923.2985,6316.9222
11388.8848,13292.7388
9627.8956,2652.6915
6297.0888,2858.7715
6179.5304,317.8909
18238.2931,18829.1136
15444.4369,1452.3364
5833.2369,3202.7593
9272.3430,19243.2979
11784.8209,1184.0763
7537.0592,9042.4279
2364.5174,10040.6786
765.4582,10733.2796
9299.2803,10979.3407
2731.0860,3867.7122
6292.3560,17538.0263
5785.4235,7220.6724
10834.4361,14125.1104
587.7711,10674.2178
3532.2314,3254.7199
3860.4959,3152.9313
18702.0140,12414.1245
11358.4915,9999.6481
7046.4991,14062.7561
7560.0664,490.5452
7138.0478,5390.7578
11315.7508,7111.7856
2904.0701,9235.1594
2188.7255,17928.8539
12179.1507,17706.6477
3596.7384,10399.3501
18914.9610,6222.8597
15304.4934,8626.2285
378.2264,2985.9744
11414.1406,9555.3688
17956.6510,17963.8233
8374.9241,12414.7619
9053.3311,1153.9577
8920.9137,8003.6643
6112.3248,17995.7689
3505.0222,12268.7250
8386.9689,15987.2376
18199.8647,7948.8687
18014.3056,1752.6492
3369.2273,16351.6254
16351.6921,19256.7532
19403.6045,4820.3325
9722.9815,15844.2366
16209.4847,8225.9031
10796.8781,4082.5418
11349.7634,11924.5283
10078.6060,1828.2990
7683.0903,14042.8270
549.5169,15269.5870
17971.5090,450.7158
11691.6555,17454.0572
7277.0278,8346.4351
2294.0323,18382.5062
4516.6810,7677.9318
13140.9368,2385.0756
2877.3159,2965.1140
4037.9157,12336.5676
2316.9285,15375.3803
11367.6591,11970.9489
15216.1219,5337.8113
18754.2846,1042.6225
6006.9250,8847.0827
2982.9584,11833.6853
6346.6817,7532.3536
6383.8459,3728.8354
17563.1910,9449.0871
7973.0972,17220.3605
14104.4173,18593.9634
11522.7491,425.9624
1223.4856,9564.4723
2971.5440,7894.2616
3373.0187,690.8212
18128.6605,146.6883
10287.1325,1738.3978
17794.5393,12205.9840
7507.6770,3327.7330
17137.8706,8117.6767
5126.5946,12437.5148
18315.4390,11690.9593
13369.3833,13304.3943
1864.8668,4443.4497
11778.9149,19513.7327
2304.3095,12004.2441
17199.6730,10714.5931
19594.9840,3133.1407
11711.2964,16807.5426
7260.7704,11273.1855
4829.3471,10114.3951
1101.6653,11886.2753
4796.9532,8110.1732
6279.1075,87.5808
19751.0211,2363.1902
11805.3780,3135.0052
18666.7226,16764.6910
11436.1088,3267.1400
3899.6681,865.2421
993.6112,6851.1414
3548.0405,8741.9824
6465.6339,3366.5109
8986.1786,8476.9931
5012.1618,14671.1137
18705.6191,17690.6273
17389.5409,7047.2837
7376.9266,11837.1852
3625.8477,19470.7258
202.6425,10749.7916
18656.9569,7381.8786
19785.0473,16554.4704
2692.5182,9533.2223
5853.9208,19600.2384
11508.4718,7870.6412
4354.7166,8180.9720
2753.2133,82.8780
17059.0385,6761.6175
18088.8713,7224.6974
14341.1169,18145.8804
10881.0978,14045.8000
12192.5412,6043.5180
7737.6431,1635.4956
19090.1926,19339.7047
7267.6526,15893.9799
9429.5368,410.2454
693.8875,13249.6994
15806.4920,11279.1367
17883.6022,7964.3910
2704.8482,15310.1256
12573.1393,3370.0421
12854.1968,8245.1920
12040.9749,47.8660
18867.3373,8387.8970
2861.1747,14542.5399
7878.1759,8648.3608
11235.1816,10157.6114
9246.0508,17927.8562
19459.0983,9738.9223
8345.2649,2150.7719
16587.9757,13817.4397
12593.5629,11863.8305
9364.7024,16212.2335
17493.4362,6241.8818
18399.7415,547.2782
3265.6239,3322.9845
557.6432,5209.9475
8273.9198,9452.5580
10868.7555,11092.7642
1324.5077,6645.3575
8703.6062,16193.8793
14178.6787,1413.8170
13323.3045,5891.2674
4112.0279,14093.4917
215.0844,6596.5474
4725.9957,19303.5944
12947.8933,17532.8329
4909.9167,14052.1824
18984.3860,14052.3270
7797.1715,10624.5979
10355.2229,18469.8489
9656.9979,843.6867
17114.1093,4658.9425
4322.1202,413.5159
10128.1327,3021.3278
14100.9230,18689.7846
15844.7280,11620.8906
18634.1859,3359.2746
17948.6213,7902.5720
16207.4390,189.1145
1599.4290,3896.4899
17640.1897,7834.6640
16161.1531,9568.9566
7405.9972,17794.4577
2538.9216,7770.5900
19040.5102,2150.0820
6799.8413,16045.4564
8403.2354,19720.0294
10957.7139,4239.6262
12990.0722,14782.5476
12948.6928,17040.9480
19202.7323,3063.2665
6539.7158,4690.2751
5074.1689,7414.7837
13418.4447,13705.2672
18416.5017,9474.8519
1677.8740,14773.3940
5683.5889,7737.5468
6723.5223,11451.9241
2889.0643,10165.9046
8960.7357,3351.7231
429.1385,9855.4525
1642.6485,2971.4404
12986.1940,8038.0668
17906.7301,18681.4526
15441.4631,4819.4001
15589.8501,19739.4206
12020.0053,10360.1220
12186.4910,14548.8072
7071.8354,19669.7027
3562.9427,3616.5571
2576.3373,9842.9495
13499.6478,5767.5054
15311.9373,9641.3793
3105.2974,19361.1195
17248.2850,7655.4605
3212.6107,8601.8284
6086.5724,634.6693
9294.8413,18393.5011
1971.7356,8886.6233
12488.9906,1719.8469
4421.8436,3770.8748
16689.4414,4983.5200
10098.8158,10790.4247
6459.8914,11334.9374
8523.6748,17802.4942
2999.1531,17400.2708
13325.9993,2436.8783
15917.0510,12417.6369
18520.1997,10606.5264
6623.5993,17289.3050
13077.4074,1965.4216
6644.6811,2815.2290
16512.8715,9057.9361
14372.5213,19066.3383
12733.3357,3119.2093
16183.9318,11373.7073
7131.8936,7393.7260
3459.3164,17444.8172
16903.6599,16845.2082
