9282.2916,1043.9541
12600.6845,9187.6701
3081.4279,12964.8824
3530.6284,18724.5828
7930.3775,1405.1959
13984.8659,12211.6527
15853.9533,14025.0121
17991.7480,749.7251
11718.0061,14814.7711
4202.3234,8801.2456
19881.8410,12595.8906
15728.6931,3012.5339
12965.1721,13483.3989
8126.0867,2289.7562
1828.2891,11360.7995
14272.7968,4027.7202
11048.7105,9540.8089
495.4964,15293.2992
19022.5197,2737.5097
7671.5026,13621.8773
15631.5128,6035.1399
4663.9831,1946.4606
10205.9683,5560.4296
17995.6882,5348.4357
9846.6153,12765.3805
8476.2517,19282.8570
4215.2250,3049.8165
13156.2495,2640.6023
13016.2636,5456.1887
10212.1894,743.5196
3987.9096,10028.7355
9906.4392,9715.7278
17841.2549,6800.0675
282.0097,16962.8004
19067.4219,17574.0085
3929.6892,8872.3265
7373.4734,9780.7066
18920.2561,9358.3837
13965.8269,8561.5403
8561.2113,505.3549
2534.5304,4453.0200
17687.5951,2810.7779
3157.2316,8487.1882
10755.4584,8272.6934
13723.8202,8061.4552
10527.2715,17774.7448
10223.5932,11308.0021
52.1888,7819.6127
17079.2449,18879.4986
12637.7418,4034.5777
18649.3976,12007.1156
3922.0449,5649.8750
17427.3936,12427.4709
2894.7332,5832.0381
2896.5819,653.7606
9295.3070,16212.1331
13074.4659,13320.8641
4480.1380,3196.9110
19786.0831,14935.1611
12503.4227,4066.4202
9383.4162,15769.4416
6258.5137,6702.2936
2591.3817,5609.2483
17591.5293,5277.8796
19057.7840,9683.7455
1039.2426,15598.7049
1685.2092,15144.6854
4850.6593,12817.9066
2911.8062,5973.9247
16168.1909,7036.7384
11577.7058,4945.8555
19557.1808,19134.7347
15960.9656,8109.2976
15674.5245,14688.3372
2990.8677,15746.3916
3103.5595,18268.0316
10940.8642,12496.8758
8323.5972,6596.1269
18174.1035,11439.3985
6677.7121,18314.8927
14752.0235,2162.2591
2225.7965,1300.2984
928.0651,9486.7090
5790.1669,15299.6739
15262.6671,18807.0008
2574.7617,328.7252
17354.7434,13791.5538
6527.4944,4369.0509
7851.1083,8993.1864
2830.3837,14293.2458
2335.0981,19440.4510
15319.3224,6823.9798
4430.4665,18642.1927
3565.0262,14745.5842
16738.8280,5850.9547
16377.8402,9997.1625
19464.9582,9450.7593
3420.3119,9962.3143
671.9903,19693.0215
6592.9469,16028.3385
2403.8686,19693.3926
13069.7149,3948.4957
3350.5832,7268.4435
3813.2867,3404.3918
7411.9523,18048.9293
9326.8888,8943.1880
8869.4934,5887.9219
5180.3351,8169.7892
14979.5523,16668.0385
11873.2433,14142.6863
14472.1705,6431.0534
4053.2712,11903.1436
2379.6994,18240.6415
6446.5073,12980.4164
3392.5294,750.9272
16542.0950,2073.4813
8426.5638,18705.4032
16979.9383,8159.4095
18983.4886,4376.7871
19949.0897,17005.3066
6208.6441,9240.0143
16346.9176,5804.8326
1477.7540,6336.7364
12320.3287,12636.6548
17344.8047,11214.0630
2277.7033,10296.6183
8275.5233,19502.4493
3792.8735,14245.5274
4540.5597,10905.4947
10595.9047,15135.1799
7793.7055,4037.4980
3592.4933,11397.5857
899.5378,2017.7680
17865.8485,15968.2767
4960.9540,12534.3650
11759.4874,9690.0665
11603.8554,16947.0597
12839.2735,13546.0221
5189.6013,5224.3696
11254.0649,13524.9162
16873.7551,6879.9862
10464.5146,1919.6669
14746.1426,16651.7932
2696.4208,1236.4713
10979.3277,13095.9140
195.2198,18632.5865
17462.9241,3632.0017
3560.9318,3815.7209
4763.8925,11185.0090
637.0483,16584.2535
2332.1551,3461.6506
9177.8849,6555.8353
17229.2965,19037.1508
6306.3763,8264.8190
12164.6448,13879.7395
6569.0256,7634.6913
2412.1535,12222.6795
819.6411,17897.2975
15588.6541,4202.1367
10518.5757,11874.4086
4266.0970,11323.5358
9143.7709,7831.9881
16649.4041,17192.2408
11778.0965,1669.3662
1554.8214,17064.9367
13383.6252,4246.5377
15036.5699,14299.1795
608.9758,6909.0965
14405.1933,12846.0012
12192.6596,12934.3026
11034.8557,9222.9414
19530.4402,10615.9176
14518.4499,12468.4260
17134.7445,8583.5746
3060.8208,10344.0727
9492.8771,4637.0808
4632.0505,7159.4110
8484.3568,13501.9683
345.6334,2631.9034
17190.5233,19187.2828
453.9203,11573.2229
5728.0683,18189.1126
2787.9744,15881.3901
3962.0210,10072.7823
17479.9881,12323.8671
18651.3774,18570.8926
19771.4278,1844.0173
14815.3379,1868.2427
10459.0622,12631.9128
6930.6263,8078.8933
1258.9224,15324.1029
10589.8850,4762.5651
16496.5044,1560.6421
7486.7154,6432.5442
11683.5472,1887.4315
12373.1038,8101.9050
17621.0244,13175.9389
17361.2452,650.2821
16758.9602,19668.8002
17252.0259,19482.4624
1263.4309,10772.0083
15260.3121,11635.6138
14582.0198,1039.6648
2140.6204,5644.3222
12144.8164,18086.7270
10360.9213,11448.5005
19967.7133,14520.5528
17805.9861,13059.3997
15248.7152,14294.9426
15591.3707,13327.4287
18863.3859,9081.7370
19858.5054,12288.5664
3999.9059,8002.7044
12184.2905,16567.4378
7065.5947,7758.6420
12641.2410,19975.9961
16687.1998,7800.6371
1029.0551,2891.7595
1435.2104,15586.5290
17356.1671,14637.0258
9425.8603,16650.9242
15544.1636,18578.4339
238.1163,8180.3488
12316.1337,4724.5346
13951.7988,16332.9625
16453.5163,15760.3898
2452.9245,12425.2978
19490.7977,14192.0772
8390.2288,17728.0493
16242.8458,7552.0112
17744.2449,13670.7735
3026.8258,16524.6141
7524.3978,11417.3531
16528.5329,13585.5349
1608.8566,10345.9005
9897.0777,11297.7080
10365.8224,3172.1086
1305.5059,6861.0782
3143.1228,10589.4826
17285.4578,14585.8837
13478.5392,14277.0596
5090.9644,11516.4727
12626.7971,2731.6389
1615.3618,1652.2807
9787.4177,5847.6830
18731.3087,11774.9208
13005.6351,6860.6607
9051.4472,18444.5931
13176.9730,6647.1577
6933.3146,14038.4378
3601.6396,19281.5099
11325.3398,5069.6570
16829.2450,387.4217
10210.3308,4563.0623
5822.0412,2078.6271
14655.8371,4665.7744
587.6927,11120.6767
3331.8339,16516.9485
12123.5010,14991.5491
15384.0648,1525.1985
11988.2548,13321.1210
18663.9516,17523.8706
11692.7943,8596.8097
1200.8210,7032.4516
19987.8473,19677.7893
12250.9026,18149.0979
19031.4905,15793.0752
13511.6455,12238.0101
19685.8476,12089.4287
17609.2596,614.6951
6693.7440,68.9904
2017.0662,6995.6642
9056.6226,7223.6249
3354.0266,1256.7465
9020.3606,4379.6348
17934.9037,7387.5777
16919.2109,14112.0462
17382.5690,10750.3909
16711.7897,14147.3242
13529.0600,6688.3571
9148.5439,6083.3981
10760.2222,15696.0003
10092.4640,14351.0603
9279.5068,18229.3367
3954.0984,12316.1690
8150.7906,10060.8361
3949.6691,19099.4602
12262.8481,11903.7292
654.6685,16528.5190
19125.8167,7342.5943
4497.1047,2400.1731
4640.4106,9307.0487
13234.0781,11089.8136
3911.8830,2483.3896
17502.5486,13009.3010
17562.0887,10158.3683
2916.8534,226.4880
15388.2325,6349.2364
6745.8573,2203.0780
7407.5293,12108.7026
15708.1305,2621.9870
3569.0208,742.3158
8272.1622,2971.4509
7476.4266,16996.6227
4317.1897,7570.4872
8123.8601,500.6407
19638.2014,12743.3572
16989.8874,18428.8871
9173.3683,18487.9175
13395.7911,19577.3924
18174.3715,14651.2525
1833.6855,2160.4057
18912.5333,666.9399
14481.8725,54.3274
18464.2756,2331.4047
13193.5685,1603.7538
8.6795,642.5820
12621.3534,17630.2320
135.0811,1089.1834
15481.5145,15169.4805
5445.6551,13052.2588
15253.3620,4108.3414
16331.1571,18685.1407
11972.6709,2036.6505
11197.2535,3139.1256
4167.5062,6831.9260
5325.1879,107.2070
6769.8238,9949.4996
7415.6509,10788.3288
8356.4554,12116.4689
9587.8489,7793.2391
11646.0432,996.2249
747.9640,14258.2198
17990.5151,16889.0141
10570.7201,5307.6059
9423.9936,4708.4169
17153.1150,17756.2437
1667.3557,5419.9629
13982.6201,1808.1906
11284.6710,5304.6720
503.7468,16448.8622
3996.3323,632.3095
12330.0484,13495.4957
8734.5032,6163.9898
9500.0033,1382.0255
4017.7957,14728.2560
13451.2629,10839.4033
9557.9731,11213.5363
12197.7074,1360.0985
18969.1157,9067.6437
5183.5770,5063.4496
6365.1360,1687.5288
4563.7082,8829.1042
18371.2968,13099.3734
6859.1488,11859.7897
19865.8017,18297.3305
2157.0321,5363.6317
7249.5245,15283.1702
12127.3042,11106.9813
10818.5699,426.7596
8719.5870,2734.5297
583.6978,3602.8969
10172.8734,4042.7392
3206.3876,1828.7710
3365.9604,14301.5352
13345.7621,3135.7822
654.5422,432.8147
7025.0050,12670.2383
11609.6179,869.4187
13148.8073,3768.3881
12769.5612,6437.7881
11026.5562,11839.6489
3217.4316,2813.0437
14549.0073,15252.8689
14284.3612,14431.3483
17773.6102,3136.1843
19589.1014,10963.5074
19040.2941,17960.4883
9728.0971,4947.3077
1828.5927,17696.5325
685.8949,1674.7049
16539.0742,15432.8608
19148.6728,11814.1138
18762.5612,8305.8792
3764.9942,92.0205
11750.7777,6824.0207
5196.0727,6923.0023
12767.2164,9866.1583
15251.8135,8010.0275
16764.7338,11649.9186
16043.3023,9278.7022
1375.2114,9106.9902
16232.8317,19580.5382
143.9008,1512.0583
12857.6620,4193.2368
6414.9978,10994.1315
6712.1262,18065.5980
3162.0255,4534.0955
17680.3008,10904.5817
11057.1688,6523.2627
19202.4166,18429.1451
11318.3257,13125.5745
11458.0218,14508.4353
2866.1493,18112.1975
16747.2591,13930.2808
1084.6726,13594.7034
6968.1546,18093.4690
8290.3261,9156.5861
5676.3825,18157.3633
3585.4026,10409.6198
6085.1030,18393.4829
4114.8740,3853.6598
318.3220,15201.6907
8755.4902,5144.3840
4735.9132,13357.8052
4976.8170,17772.4641
17769.9479,14415.2514
2407.6070,9118.1706
10995.4800,19691.2642
17276.3552,17652.3799
5544.6283,7147.3931
13936.8956,16373.6480
13274.6867,12760.6168
7865.5607,14953.5997
8749.8392,3885.4940
11368.3399,6159.0937
164.5880,7302.8883
7655.3475,399.1130
4903.9146,15733.4414
12724.1152,11582.0429
10487.3014,17023.5434
19507.3296,19631.0633
1796.2445,7125.4960
11912.6915,18138.7826
15775.7451,15880.8692
5088.5367,3503.2897
17790.5882,2907.6481
10895.5766,1784.9941
1488.6424,9859.3295
3838.6208,10725.1750
16898.1910,17621.8431
16913.5361,4308.4047
628.1586,19815.0324
1604.9916,7715.4091
8610.0940,2959.9234
3062.5996,13166.4394
1127.3219,7144.2989
7167.6041,10501.4260
8259.3160,16199.9543
16024.8735,2867.6471
16484.9760,6814.7553
4718.3079,3447.7018
16652.1847,1365.6597
14774.2422,14306.8941
3753.3533,8323.9942
6474.6864,599.6470
9118.3009,15263.3504
12660.7034,11740.3542
914.0779,2575.8523
14752.4422,9559.3886
9339.2740,6585.0407
1985.4551,10114.4954
16146.6145,10746.7316
5044.3563,8294.6484
1489.3712,17397.3990
10316.4190,17615.1809
12771.7862,9245.1188
17188.0483,7381.7653
2302.7383,10222.8442
9994.6233,17417.9721
8973.7496,17229.8032
9816.8974,12916.3736
7574.0206,1147.1999
13000.9155,10597.9248
7283.5280,6792.8889
13210.2432,18826.8628
12644.6033,8290.1549
10841.8170,8878.7498
13005.8008,16536.6330
280.9025,15187.6341
10664.1099,10195.0846
14620.4733,10523.5285
19901.0425,19647.5983
17927.9847,2630.5107
10701.3829,11069.1310
19361.3049,14987.9145
18986.9373,873.1401
11111.1852,5433.8173
6859.0980,15832.2130
6187.8761,16867.7988
14543.8302,9964.1885
10028.8654,16774.3634
434.0646,5522.3317
2633.1472,4308.2816
19615.0430,8896.7878
11971.2500,17900.2560
10794.8355,7905.3297
1306.8161,19548.4355
3199.5590,3470.2828
7158.6944,9577.3128
