5648.8042,14937.8812
9713.3169,4956.0010
8526.1939,5595.1429
16464.8369,6049.0441
13190.7306,7535.8280
4117.9810,5116.0016
4320.6378,12879.9012
5141.0802,8404.3220
5222.5926,7678.4710
4330.0515,17590.1479
18075.2801,14949.0221
7303.6777,18782.2287
5270.4284,7686.2970
8583.9654,7529.3780
14969.9013,11161.0321
4110.0124,18548.6855
4136.6496,16206.6937
17733.9349,14090.2493
3979.8586,1908.8335
13960.2399,12721.3275
2952.7364,4633.3667
17424.5841,2550.4328
11202.4107,815.3294
6249.1890,11284.9005
16325.8370,5893.1504
18136.7018,5232.3014
10212.0027,2049.6589
18834.1799,13905.2173
15068.8465,7183.2323
19766.4403,15797.0416
12274.0070,8688.7926
2666.2999,12720.1636
16244.7435,1125.5654
907.1701,3542.3600
8366.1441,10175.8673
4484.2411,14607.9699
12658.4438,19065.8125
3616.7281,6641.4129
2733.9334,4867.3960
605.0977,6466.1640
4758.5259,19211.8031
13979.3971,17500.1881
10565.3774,16101.9239
14569.0689,11863.5897
4531.6869,14408.5425
10157.1512,8954.9497
1006.0454,10275.5421
8639.6877,15202.9314
16214.6962,16477.0436
6356.6776,5346.2189
15262.7455,14980.4341
6976.2646,3269.3526
953.8513,1539.1105
8559.6894,14489.5226
16376.6638,6821.8757
13650.6994,7705.9793
17633.1843,11310.7284
10991.0938,9387.6080
1675.4875,7399.4946
2988.4700,4369.9370
9514.6131,13480.8569
16373.0018,17244.2691
867.2388,10594.2717
6996.8212,15008.3159
19153.3609,15930.9656
9263.5812,9105.4372
1883.8950,19495.1239
14684.5187,5238.9007
12337.3436,10204.7909
6699.2611,9473.3815
6692.4072,2635.3651
3438.2847,10121.5215
1990.0364,4295.7562
18959.4251,14809.0319
18598.1019,16242.7308
381.2718,8773.3963
7709.8324,12319.9157
5054.6635,19602.6318
3860.1919,18798.6252
10608.9170,19137.6499
14450.7086,10438.7292
1847.0511,15441.4377
134.2935,6403.3026
5474.5994,10192.9058
1080.6434,12876.9603
12893.9573,9743.5481
12675.2275,5215.8478
4310.8082,15481.8035
10294.4757,18212.3025
13421.9500,19618.8993
1802.5127,14311.7953
740.4724,1653.0406
11117.7838,2643.8031
14611.8059,14777.5855
15070.3923,11158.9062
2089.3618,11913.9560
14132.5759,15666.8616
16494.4771,13056.7828
1087.9646,9148.2521
1324.4763,4948.3178
10833.5064,8410.5730
14924.6471,18338.3575
19891.2537,11335.7626
10010.8946,9263.7768
6886.1611,3814.4316
11540.7275,1759.3854
8255.2462,14878.0368
9429.1125,10166.3822
5036.2109,11547.6292
8075.7646,6919.3426
9433.5322,4542.3527
5657.2455,3300.3012
8361.6163,8708.6893
1527.6287,5007.1678
546.7889,12342.2174
7650.0717,17089.6817
8713.0684,1748.8600
6375.6115,18149.2939
12230.0052,17196.0162
2991.8230,16496.2987
11305.2981,398.1361
3922.8771,16224.4012
2739.2542,1394.5222
3761.4353,5636.9196
9818.3526,666.4086
12824.6816,1484.3357
6698.3827,14318.1045
11388.3308,1250.9869
5742.9040,9822.8246
14923.5898,6876.0346
2638.9414,6934.7415
17667.5525,13027.0032
5933.9139,6663.5486
18416.8058,19675.9272
17365.3620,15407.9356
14947.5827,7512.9697
3237.2863,1803.8619
7815.9535,3892.6454
14775.1278,18392.9893
11048.8671,12568.4056
15541.7266,1755.9735
6837.3666,13565.0599
5918.4321,6636.9973
18613.1229,3117.3470
19655.1025,6327.3264
2944.8035,7949.8809
10404.9680,12709.1464
2955.7039,6734.0447
17591.3706,15003.2845
5569.2225,14949.4776
19739.5927,10088.2826
16467.6661,14602.6543
10025.9317,5620.6680
17250.2078,14468.7028
18433.3919,19079.5069
2552.1085,17879.6402
5025.3253,13122.0313
12999.6887,4999.2171
16067.8402,14508.9207
15317.9812,18882.4799
2212.0481,3537.9344
7235.9958,19641.2802
13474.9012,3538.4734
1797.5262,11049.2742
3443.2254,416.2393
16530.7068,484.1995
166.0664,19904.0948
4412.6817,14890.5461
4031.5408,14543.4961
13166.6844,6602.4177
9162.8976,3915.7305
19700.3542,8907.2051
5935.8624,2932.5937
9901.8422,2372.2287
8389.5929,9813.3973
8193.4680,6019.5281
4779.2864,8145.8150
18000.8946,6303.6517
19120.3855,12315.5971
10238.8183,19831.4588
11838.6913,13278.5589
9367.8599,18818.0100
3023.9264,1897.1945
819.8752,13568.2046
6306.2423,1394.5933
15116.5151,2312.6148
8209.8886,19000.3886
9387.8759,8935.8325
6941.4408,6379.9193
342.0827,6790.6448
2867.8735,3969.1053
227.8760,6622.4990
16267.8735,3783.7294
10652.5709,1362.2808
9616.6226,6222.4741
3697.0160,16094.8952
16960.6792,12185.5347
6890.2608,964.1433
15628.3262,14193.2774
15690.3854,15307.3918
2460.5629,14217.7517
11651.8351,8440.5260
9928.9965,11380.7251
15096.9203,11423.3867
11718.8777,3949.9384
16908.9603,639.2304
13257.3516,16156.7357
17274.7027,16681.3194
10870.8543,11145.0927
14812.5223,9082.2328
9731.2779,17176.2613
2990.6607,15074.9343
13739.2071,9982.4699
2686.0584,12089.2885
16323.0038,3903.3542
8334.6586,8010.3171
16292.7602,17669.5529
8519.5618,17292.5967
7214.9982,10324.7887
10104.6990,19471.3461
12415.3914,4802.1306
11510.8514,18311.5403
8086.3545,15748.5203
10484.4723,15699.6471
2059.0006,179.4030
3115.1185,7764.9284
19443.1885,3214.8011
1882.6073,9779.0517
17403.0495,17732.6583
7330.8912,13841.8656
11235.3995,5823.5288
18402.0778,19664.8946
9975.3128,3967.9603
9607.7075,13976.0028
6502.4584,2264.8108
1857.3509,6024.1572
4155.7524,650.0698
13517.2852,14371.9439
11462.1623,1995.6951
4215.0931,3937.9108
13943.2527,17480.7262
1399.9089,7223.6920
5232.7804,9165.6990
10706.8635,7684.7165
3377.1419,15940.5938
17331.5335,12842.0181
11097.9730,1648.2715
18304.1750,2828.8075
705.1258,10507.5275
3219.7293,9541.5096
1251.5929,52.0353
16682.0455,8612.5460
15611.3499,2374.1603
9405.5374,1959.9855
4683.3946,9156.3583
393.4137,9782.9693
19866.7418,5059.7162
10428.7472,3111.8709
14975.7371,3195.6339
7679.8812,13976.6367
10075.5565,12305.1229
11638.4344,2793.1205
1491.1512,12361.0620
344.0133,1659.9146
9896.5867,16923.3891
12122.1791,15875.6380
9070.9393,2324.6088
6538.2201,14406.2135
5570.2030,11639.6289
3996.2655,1239.7856
6010.3765,1302.4695
9155.7719,19906.9062
379.3865,4177.3640
2031.1200,4966.8596
11198.8534,9032.0058
2037.7397,7745.4826
8503.8531,299.4421
16154.1709,4978.9543
17423.3212,2167.6919
7418.0555,9774.2998
18703.9044,6995.5293
5126.7912,7749.0918
921.6277,10820.3626
7430.7001,13110.9915
1684.3804,13026.6923
183.2842,19577.3695
10901.4171,7339.3258
11159.3594,9744.1410
1586.1583,55.5111
15750.2824,7982.4410
10285.0264,12557.9550
16615.7054,13959.7362
3050.4250,9987.3718
9581.4601,8737.8135
1171.8385,4601.2059
14376.7598,14219.6899
17056.6223,14524.8676
1522.0330,4834.9400
13237.1612,6824.8002
10766.0634,19476.1133
6415.3035,12514.5674
10761.9060,11024.6149
5628.3624,4697.2434
7043.0374,9019.4086
6257.4674,7785.5108
15196.3834,14440.4362
12238.5206,5405.9344
10898.5622,8425.1277
19556.6541,11453.7096
2459.1641,12631.0518
19915.9120,12588.0882
4383.6620,5674.5317
6193.2923,10850.7992
15366.3509,6904.6721
10834.8783,18609.5689
11571.8834,15310.3448
14150.2760,18267.8170
12023.7687,8124.7369
17375.2983,10230.7263
6003.0332,3425.3954
2981.5552,1326.8701
13824.7837,19733.0606
18619.7873,15982.7426
9545.5347,6025.5115
11723.9377,9698.3219
8899.1382,2089.8657
15341.2280,7751.7313
8931.8097,6726.8843
18765.8330,1972.1711
7005.0278,5454.2468
17822.8687,5876.3497
1577.7875,17132.8981
15544.1774,13440.2107
19943.8217,14503.7114
14307.9648,15399.2675
11411.2244,11585.3391
14702.9844,6951.1163
11989.7670,7009.0771
18095.8291,6881.0949
18006.9034,18462.2557
10969.6074,14542.9172
2286.6881,14640.9946
13544.0890,10638.7453
12993.3271,12629.3993
6639.7457,6734.9993
16469.9110,11158.2011
3590.2848,1851.9258
15396.0532,3190.0977
4042.1050,12286.4574
4161.3206,10511.0258
18322.7065,9847.7067
16346.6267,4240.7965
1011.1181,12280.5136
10213.0548,4090.4269
16135.3940,12518.3101
13838.5299,4911.9044
11044.2950,19059.5986
13887.7341,1634.1005
1402.9679,13526.9940
16576.4631,2615.2470
17723.7884,12666.0136
6986.6704,7286.4527
14546.6499,1251.9092
16032.3315,3830.5922
6227.5274,18775.6234
11984.0998,13410.4970
16757.1987,4975.6536
3430.4820,12072.6003
18872.2523,3630.9432
15201.0848,10996.5882
13620.9751,13998.3532
1912.8331,4915.3237
13029.5589,11181.2853
19287.9903,8422.4050
10555.7088,8085.1675
11034.1070,6427.1121
2894.0565,1833.2309
15617.2148,5477.7486
16069.0176,3513.2719
17678.0461,9463.9969
18999.6235,13574.4726
11380.7743,14764.5446
12397.9482,4709.8777
17666.8965,12159.5121
18652.3487,13090.2891
8336.5978,5838.2065
474.9128,8592.1811
19583.8558,7424.2224
4523.5147,3580.8077
11039.0967,8362.9579
9163.9439,9457.4828
1470.0508,273.6239
2361.8246,4537.7766
3376.8782,12597.0135
6373.2790,5269.3721
3691.4639,18441.1840
17323.7254,19418.3054
19520.2412,2308.9408
15171.0734,14433.4001
9780.8356,1285.4099
13154.3601,10635.2865
11165.8321,17833.2347
10491.6284,16670.4090
4192.7890,14181.3929
12116.1504,9021.0849
10535.8499,11270.7474
14839.5747,4854.3704
14653.8137,17800.5020
1982.7928,14886.0212
717.5071,3050.4838
5557.2649,16946.4397
16003.0170,13827.5244
12667.3474,13838.4751
6806.9981,11961.7185
13769.9566,774.6888
2122.9362,2792.1744
2099.9700,6744.2139
18312.6492,9141.9350
2279.3908,2780.3560
1810.3164,6144.5422
2655.4715,9150.9174
12531.5931,13026.0528
19346.3398,10316.0519
3895.1336,9055.8726
18053.1468,8181.9462
3992.0914,7615.3791
9256.4171,7540.1810
3854.4201,4499.2631
15817.0864,3823.3868
8417.9380,19165.4986
4929.4146,9628.7342
4982.8312,1918.2083
1793.6023,14266.3654
13783.8384,5582.2227
7256.4228,10884.2584
12222.3671,8408.9896
8871.4095,12430.9905
17593.2932,696.6577
10294.0883,14299.7218
15172.4093,3991.4131
13182.9043,3347.9848
573.3404,2845.0830
6200.8113,13001.5455
15749.9687,18089.5208
5462.3608,6319.6018
1035.1550,5019.2107
18352.8241,19291.4453
470.0132,1026.8009
12396.7443,18966.8340
12179.9658,9462.9176
10144.7441,3763.6137
2347.9810,18060.1307
11614.4975,13123.0878
15029.1250,4353.4051
10989.7516,11044.7452
473.5024,3343.8216
9526.1347,12323.5791
4535.2877,18236.3221
14114.8534,10887.9309
15371.5465,2525.7629
4388.3829,7181.5245
9377.5455,18791.5434
11345.5519,6779.2576
10743.3920,12643.8607
19417.5657,19679.3305
552.4384,3960.2058
15591.0931,3572.0671
6004.6726,10405.3577
19347.8878,19447.8630
10513.0401,18356.0868
18989.0309,12272.4892
4670.4472,15998.9410
5068.6398,9677.3529
5855.4273,10267.4094
19034.5884,14964.9213
15911.3328,4531.6006
8484.5569,15877.1114
4638.6405,3319.6417
9249.8637,12096.7628
17561.4978,8221.0369
16107.0458,5927.3460
18654.3463,6979.3036
12935.5528,17513.9353
5771.3747,2961.2525
5665.8512,10163.4507
4350.5946,9169.5148
12812.0819,9612.9220
18036.7492,3229.0470
531.2054,8518.2838
15541.7907,6853.9774
7760.1113,13781.7440
1054.2326,331.5254
13686.1378,3846.0378
9392.1167,4179.9806
1454.1890,13620.5199
12924.9558,1495.7368
16275.7385,4194.0818
13158.7744,19171.1728
12142.1914,4847.8968
2644.6008,19293.8202
