12516.4965,10186.4008
11050.9055,4277.3095
15225.9246,19572.3259
18062.8161,8457.3132
18568.4482,5292.2550
10378.8684,7682.4489
12979.3601,9946.7486
15948.6069,1781.2372
812.9095,16051.5803
2789.2650,11047.0526
15704.5880,3044.9996
19081.1178,17240.2557
10310.9112,15934.9810
8406.0002,7457.3318
4780.7519,15106.8650
6349.7080,18450.6262
17507.1100,6848.9579
4672.9976,6751.6270
4198.2094,1883.8475
4540.1879,9906.0844
6000.4320,5873.1713
18705.5751,5693.6225
18031.1230,4189.0887
13827.7413,11073.1529
3243.5025,12271.4965
17718.1848,7457.3102
15625.8154,1.9544
6077.6155,275.7044
9162.4745,6101.0804
1396.8305,220.1764
804.6929,521.7242
19932.3274,12999.4976
8556.9119,10784.7306
5977.8661,1513.3375
400.1571,11138.4275
10072.7197,4010.1903
3706.5644,9545.8851
1678.7161,7591.5550
14856.8223,11426.1201
10391.3764,1512.0549
2365.6185,17264.0567
16980.5595,14186.3839
10658.3067,7962.8082
1975.5528,17810.8748
4447.6457,16957.1405
9014.9110,7718.6357
12681.5305,17692.6658
5837.7203,5710.9739
4967.9175,15540.3262
19024.0934,7438.4503
15774.7737,3229.3258
8057.3721,9501.1720
10775.8222,11241.1396
2420.0678,17674.3289
6847.7318,2618.0061
11430.4122,17532.8683
3601.8294,8703.8575
8367.6746,13150.9543
16164.9404,230.4794
19482.0196,99.2766
10142.1484,6925.8376
12551.0093,3261.3571
13879.0214,13342.9016
7133.7765,7019.6437
17854.5036,5224.3756
14902.0808,9692.4114
11275.1354,6909.9478
12228.8966,14576.3908
11448.9152,16240.7972
13774.8445,2578.4700
18218.6681,11716.0603
3781.6836,13366.4308
3881.1778,13222.1303
19270.4048,17993.0749
19347.1623,17353.9769
7735.4659,4152.9693
2406.8947,18186.1936
2466.2533,17792.8785
2493.8936,16420.0356
15539.1730,16833.1559
14683.5852,7641.1618
10413.4119,16695.2247
4255.3395,5061.2150
1657.7958,14885.1809
3248.0116,9432.3432
15674.1904,10228.8653
17023.8402,903.7154
4212.9554,18020.6263
6866.5246,16956.9512
2270.0145,8595.1643
16404.4961,8061.8548
9233.0876,6409.6226
11185.7444,10722.4724
17663.3676,11626.7174
17213.2870,5047.1212
11450.2583,1334.0162
6079.7098,7392.7245
9674.0585,14655.0223
4979.5299,9916.0151
13490.6929,6404.2463
16866.0665,4039.2351
5276.7108,16002.2935
9837.4306,1962.1887
3819.0478,13535.9778
14150.4547,10343.5073
18164.9596,13606.9833
15321.4728,15574.5951
868.7521,18222.7374
14877.5642,1866.2599
17536.0397,8749.6343
16768.2025,18869.4282
17472.4522,19014.3381
14550.6859,17350.9697
9135.2122,5830.3934
1647.8823,5953.9191
3240.8771,14310.9438
7502.4322,1700.7742
8948.1437,12841.5307
17745.8123,19561.9727
18565.3821,19690.4583
17468.0306,16505.0631
18213.0951,1273.7072
13200.3205,1492.9335
5513.7378,5718.4001
10058.7585,11390.4253
13990.1288,13929.9888
11810.8686,12117.6246
11699.0496,17424.7544
15962.6686,19573.4025
11319.8633,17916.2745
13356.6632,17450.9306
6352.4329,19252.7396
19254.5302,13366.3342
19181.9731,12521.4243
1422.4815,12200.8772
11165.8816,19687.0225
7026.7295,5754.2214
10202.3254,2834.3565
12232.3995,17938.1049
9132.0598,15493.6023
14521.9484,15753.7743
18383.9291,12833.3525
2464.5961,15148.6672
11460.5335,10517.4719
2816.0241,18310.6732
15679.4034,9139.1837
8734.9827,6020.3675
18007.7359,7813.3583
5164.1132,14566.4650
13639.9328,8594.8632
822.1749,2060.7564
10549.8175,5528.2058
12736.4553,10663.0166
18074.7878,8474.8103
14588.6132,2006.7796
5954.8564,3752.0948
18946.3136,4981.2178
14602.7657,9177.1229
10744.8571,6303.2863
13087.7529,5081.0965
4079.8077,18579.4752
3521.8628,140.5867
14913.0219,19571.7277
16936.0443,8015.4601
4975.8234,13776.3275
12295.2021,14999.1782
3413.5338,4067.2293
2056.3570,12742.4163
2288.8641,12784.3005
5288.9204,478.2623
7706.2591,16049.8234
12663.4525,11858.9794
9636.5918,10441.9141
16761.2406,2746.4601
19447.3796,8199.4750
3558.5348,16154.3898
14975.8465,10261.3001
16821.9525,17258.2816
19917.7209,289.0560
19283.5467,1859.6507
14311.9256,17729.1706
4429.1427,6932.9674
3471.6370,14306.0504
15329.0670,1022.5935
13378.2428,16120.8232
14034.2868,16908.7273
6577.3966,18413.3986
19908.7547,24.3124
17194.0653,18627.5096
1429.8197,15330.8485
4834.8020,17808.4236
4354.9298,15368.5945
7842.8619,15962.4434
14498.0537,9659.3982
12800.0041,12839.3378
13336.0009,17566.2408
11870.4292,10343.5381
17899.9282,13488.7387
10111.8146,15875.9820
3089.6108,1255.8511
19469.5307,10725.7100
6807.6612,935.1959
16709.4899,12487.0574
9357.3209,5838.2928
7543.5555,14320.1540
11913.7990,16928.9845
3268.6363,8359.2267
14544.7701,1559.2828
15258.6055,9543.8280
594.7061,8625.4352
17834.1330,4975.3174
2533.3799,351.2396
6225.4206,1640.4772
3608.1083,712.5437
19069.6661,13731.5418
444.2335,18213.7532
9494.4030,17396.4243
14516.8535,14027.0184
3059.6714,6506.2301
3058.5997,19567.1950
16119.8724,10787.1735
1792.3776,12483.7497
19776.5438,7082.7439
17113.2349,1849.7398
13324.6825,14783.0311
16535.0651,1367.1715
442.8921,10012.8475
6488.2645,745.5930
8410.7795,6999.4188
19646.2799,8219.2632
7472.5122,12074.5709
12111.9976,3603.0890
19872.9812,10036.6992
15808.0832,10897.9842
11569.2468,5828.5915
15802.5688,1010.4469
16372.5082,5683.3823
14170.4313,5148.2846
8710.7523,3373.8534
16431.9698,12711.4518
1614.9902,11342.8018
309.4978,10280.8809
16043.4163,3653.6644
5287.6820,8169.0105
7979.9381,10761.0026
18190.1339,18507.1002
6821.3010,6234.9679
1299.9798,16949.4045
8417.5248,18430.6902
2222.5514,13746.5059
16909.2683,403.1932
17491.9332,4411.7586
4206.2302,4753.1180
13786.9150,16560.0551
8582.1791,6278.3708
17625.9657,751.2660
11009.2528,14760.0490
9607.9032,885.6855
10937.2353,15862.1224
16400.9873,11036.6524
17230.9986,18385.2276
3253.6937,2230.2366
12729.6227,13166.8317
3625.1079,370.4198
7134.2540,6869.4708
10355.3681,16671.2924
18304.6781,15954.9724
16990.1391,17707.5385
2948.1193,2087.5513
14542.2120,17138.7981
18737.6797,4017.9469
14401.5407,17937.9530
19889.1339,19286.7367
15446.7042,6347.0358
19260.3842,2773.4245
7413.2517,46.3311
4406.1177,8135.1967
19332.7795,17584.4920
10855.5793,12383.8860
3394.7404,12485.5146
12392.5538,18436.7544
4882.6800,4990.4753
5983.5307,12.2673
5520.2061,8116.3295
8639.2365,12148.0049
18897.2639,7641.6542
9799.9611,19002.5477
13944.1825,14540.5237
3949.7679,4439.2181
18489.9007,18646.4730
9498.7673,13983.7566
3279.2850,9995.5665
7505.0116,12862.0653
17633.4161,4997.0513
10169.7674,4346.9659
17491.0576,19874.0644
15185.5885,14099.7911
16271.8107,14206.5005
16518.6155,13285.4167
12390.6007,3077.8836
13896.0332,11740.4158
13583.0338,19017.9912
11086.5071,10123.5659
6074.2465,13100.9648
13832.7589,4617.3799
16277.1565,10977.5818
12098.4787,11872.1182
9039.0075,7161.2908
12008.3052,7145.9146
8347.9071,6725.9612
3543.3780,19065.8014
16003.2644,4168.0312
19980.1979,12563.3373
10708.2039,9336.9150
14016.7709,6383.2893
4138.8998,12092.7157
18720.2168,7950.2120
1097.1143,12414.8313
467.9426,19092.6292
8974.8113,9451.7135
15509.8179,3229.7896
18198.2398,1330.3246
6459.8160,13862.0306
2938.3507,14307.4320
2326.8815,9077.8641
3312.3443,9015.2062
555.6073,3129.7138
3194.8258,6379.8815
12276.6601,14138.4145
5968.0290,11004.5974
14255.7984,349.0331
10843.1037,3502.0122
10276.0182,9081.0147
1486.3864,1028.6564
908.5713,10846.7349
13912.6532,8503.8721
9531.9196,3809.7787
9831.2148,8596.3559
681.5805,5274.1227
19129.9660,4697.7744
17028.9739,13710.5772
13826.6939,19334.5445
255.9948,1973.8894
15990.8049,13010.4956
9049.3112,14096.9964
19637.4810,13278.8976
18535.5608,5834.9799
14933.2869,7153.3368
17633.8048,13805.4397
4271.1034,1109.6952
14299.5942,7075.2910
16161.5505,10444.3262
7188.3724,291.4776
1012.1871,4477.5457
6859.6156,3730.9097
8868.9072,7275.4597
533.4710,5824.0229
13913.4416,8614.7597
3313.9313,19231.6846
14352.3062,653.1223
15879.4257,3655.7322
19143.9298,401.9693
6489.2440,5068.0649
13673.6484,10886.7952
4753.8781,17432.0505
3979.6265,9990.4064
5524.2624,281.0075
13737.4414,12454.4456
2202.5378,6625.5928
3934.9250,5756.2996
11655.4753,15775.8948
16554.4271,3238.5097
17857.4092,6144.6123
4229.7854,12194.5895
2129.6170,76.0100
16944.0501,17912.2432
6460.6949,17157.1058
5924.2520,2156.2280
17639.5859,18939.3695
3120.3131,8100.8993
5894.4740,10879.3134
4679.3959,12951.1755
13144.4762,11350.5561
19346.6831,5468.0356
6832.4281,12682.5637
15650.5251,17838.5489
4638.6968,8403.8631
19450.5349,208.0495
13039.3093,13081.6977
3969.4213,18156.6366
16353.9921,16896.1393
15136.0971,1432.3243
12951.8055,6425.8667
5072.3364,10445.8123
12618.3819,3799.0594
19596.8882,688.4318
3834.0320,9821.6426
4490.4731,3296.5695
3140.3794,19882.8127
11455.5227,14027.8492
16520.8126,17060.9293
1724.8258,18407.2083
7269.2035,3985.0510
4780.0154,5219.6742
6577.5353,14295.8547
15068.4701,16646.2175
17726.9697,9050.5362
5402.9413,16690.1886
12466.6175,5596.5984
528.4939,13943.0298
15131.0155,10850.6633
3310.8979,1156.5106
6849.0286,2933.9109
18955.4494,18290.9760
14307.7855,19942.7608
12395.2674,13139.7372
14853.9104,404.0940
17685.9727,19966.7863
13000.4597,4032.1303
7619.6737,14632.4719
11503.8326,10050.1870
1883.9062,10284.5278
11145.8001,11161.8501
15596.6498,17327.5598
4054.8074,18187.6307
17093.7952,7067.1960
19956.8154,18420.5236
17838.9148,12964.0467
16205.1932,12793.8523
12863.7686,15466.5080
15853.0671,12476.3141
17252.7629,10289.6020
3710.5536,12396.3113
4211.2404,6000.3252
13572.3608,18457.1700
15207.2351,15023.7621
10587.6485,17391.2471
16454.9780,14486.1468
19506.7349,11435.1061
1535.2709,17247.6072
895.9179,9740.6499
11055.5128,788.1445
11490.2838,1501.4619
1850.7772,13726.3355
1052.5793,7261.2817
6645.7830,11339.7637
11639.2911,18746.5574
18790.6687,2830.5815
147.7653,8721.9774
7034.6116,466.7602
18652.4161,11842.8765
11115.3925,2357.1212
1751.2676,18088.3158
749.1230,18131.5494
15747.1762,10131.8806
17554.4960,3636.2420
2637.5928,2822.1296
2791.5681,16329.8305
19454.2516,11964.3059
1404.8160,2231.2422
8301.2644,1868.1465
8788.9582,2356.0543
14533.8473,2832.4596
4976.3045,4233.8421
1264.3077,15683.8160
7838.5460,2185.0325
8933.0989,15393.7216
18341.9176,4146.3059
15412.1681,18164.3841
17680.4907,8796.7409
10612.4809,13889.5169
566.3053,14219.4469
16460.4673,2765.6580
13572.1300,5759.0936
14054.1325,10157.7090
19375.1836,13972.9786
18494.0886,13637.6686
6107.6946,1241.3848
16469.6613,17732.2538
7836.3144,260.3667
1330.2455,13908.4277
3607.6550,12345.7659
2349.3826,2777.9486
16696.6756,12784.1149
11824.6921,4045.9186
2838.5341,17303.2913
18432.9566,7799.3167
17379.0177,6989.5071
8014.8578,17946.9382
9008.4162,2409.9358
4528.9105,7141.1504
3348.3123,1937.6480
5879.3944,7106.5904
9848.3698,11421.6098
6682.5754,13469.2515
3021.2231,10997.9240
8501.5193,2187.8659
14158.2263,4531.4769
255.3153,1862.5739
11241.7559,5416.7750
