17940.1683,17930.6754
14253.2862,4702.5084
14075.4352,5237.6067
13361.9183,6708.4283
14114.0676,7832.8075
5640.6190,9144.6482
13961.4228,3664.5722
17989.1403,2333.7937
16631.3621,8723.9237
13799.7413,14801.3620
1164.9999,2929.5127
13851.1987,19181.2545
11361.2506,14931.5570
11123.6632,10706.7910
5566.1875,15423.2195
1446.3026,80.8916
5482.6828,178.2827
8495.6812,7931.5445
9420.0759,3673.3491
7833.4322,4810.2702
4606.5192,10585.7668
4836.2701,13629.0349
11247.3593,2914.8352
15638.5340,19351.4071
5806.9512,18809.2852
17378.3099,10777.7948
2733.4454,11064.9833
18266.6678,12444.6588
14833.8449,12164.6722
7954.6339,10917.9833
13900.1707,7434.3471
3296.4435,13561.8042
3680.4591,10695.4323
8639.9065,9859.7374
18336.9975,2943.7125
9319.7400,14863.6501
12534.2027,15594.4212
17887.9044,678.7900
7990.0233,5995.4357
17532.7329,15742.0816
8709.4371,3746.5693
9231.2046,16789.1074
53.7231,685.8653
17368.6431,9940.7211
15154.5694,18217.7151
17227.7179,2515.7663
4953.7571,12507.0461
12289.0607,2139.9631
3405.7945,13517.6214
8178.2124,4246.0945
12578.3794,9928.1402
19008.1633,14507.2436
12886.8476,5645.1886
11112.1943,13149.9500
16749.4635,19521.4430
16792.7549,10699.6004
15298.5167,4168.7520
66.6888,5268.5902
3749.1239,8952.1880
17152.9037,3421.4864
4496.6915,4920.5324
7241.1745,5147.4088
12941.6390,11504.7808
7437.2759,16957.8331
15784.9748,10555.9751
7013.1273,13055.3740
12139.0931,19930.7381
9023.3261,15331.8863
8675.2019,7670.2556
2436.8866,19684.9374
4744.0301,15333.8832
1730.0522,948.8571
16110.2865,4192.9248
16399.0629,18674.7140
17348.1876,3949.8268
16388.2006,10415.6648
3035.5993,11236.9375
10633.9512,10367.3916
19878.8595,3312.4487
2538.4319,11815.5035
12449.7660,14405.2801
6526.8769,9890.6951
7176.0015,2252.3929
12942.8841,5559.5522
271.4868,3293.0324
132.0866,19375.2299
11066.0202,10216.5599
6023.7973,16059.5205
9827.4708,13400.8776
1819.0408,17534.1667
10257.4576,2967.1750
15478.9561,14145.5605
5866.2609,19255.6524
18495.1503,18834.5059
12042.0462,5925.8018
14439.1198,3065.6829
13008.5297,16276.7664
12653.7748,8412.9732
4573.1861,12969.1668
3429.1279,14621.8836
15582.5652,753.0243
13718.7189,11226.7458
4145.0850,7932.8895
14568.9384,6658.1610
8559.6754,12073.3017
2944.2743,493.6935
5580.0584,10748.6964
5148.0264,2832.8080
8921.3436,7003.5058
12633.3116,16885.8816
15036.2047,13890.5251
12710.2942,16175.9151
11223.7043,3785.6945
18754.6230,6561.9393
11096.5277,6562.7250
17849.4144,10707.2667
5153.0468,3811.1685
11855.1834,11002.8631
5340.3772,17191.9766
884.8022,4936.6355
16018.1074,16515.0287
11759.8454,16434.8604
17134.3636,6241.9821
2649.3277,11204.9742
2518.8282,16890.5534
19354.3134,9319.1338
16313.1423,7180.9348
12146.6272,11101.2813
3340.7665,13880.9573
3451.7356,7102.5787
17667.3652,19938.9136
13690.0999,18653.1320
17483.0133,7682.3966
4583.3648,9699.9771
3032.9449,6279.3606
2207.9454,9027.3991
19665.0657,11418.6407
4299.3773,11554.8787
11316.4230,11164.3623
15117.3722,105.4352
3045.2374,19077.8882
2947.3055,18874.2459
2121.5072,16917.8922
14435.6917,655.9348
1605.2433,16044.2473
14572.5968,9507.2398
17509.7233,19961.4406
15259.2179,12234.7827
9899.6532,15430.6561
8717.8936,12765.1932
3427.2727,12756.3525
2520.9798,12021.4265
6215.1628,14254.3115
14069.4201,8381.9003
7025.0394,5251.0862
8271.7718,3220.0816
5006.0625,11131.8101
5321.6540,18478.8075
15977.1360,14228.4716
17408.6037,11681.8358
18616.7623,16054.4366
17524.7376,2778.1560
17188.0571,18992.6806
3742.7107,13889.0289
15615.8705,12675.8812
7041.8152,19441.6012
10082.2890,19252.0539
8845.7025,4590.0434
6009.5566,18632.0822
11019.6797,3166.0889
7032.1246,7369.8353
3103.9359,17864.8116
964.2172,10149.1148
4110.1482,4080.0214
13066.1414,9297.9907
6272.7387,5346.5780
14864.1032,394.5471
14544.6476,8145.8561
11909.7036,11240.8385
2187.9978,1968.6697
7182.7579,15847.1585
1404.8894,13284.8394
15443.5157,7979.5173
16240.1936,11652.9182
12629.2248,11729.1578
2215.1813,17275.8665
14554.9432,15415.2662
4433.8104,15593.8567
8684.4774,4774.1058
9439.3602,8826.6639
4080.3233,1201.6186
1223.3496,571.2145
16159.2208,2623.8845
2158.5352,10945.9779
10744.8114,5405.1050
18162.8445,15765.5259
6470.3949,6620.5944
15680.9892,1387.0087
13069.5815,7968.6154
7241.7208,8611.5145
4289.2263,528.9418
17306.1146,7338.6217
3001.4383,10031.7536
6900.0100,7177.8955
7324.5631,18824.9689
12356.3151,1987.8659
13937.0876,17145.0930
17213.0826,18871.4256
18966.1662,1306.5961
1115.2605,4259.2389
1479.7502,18529.7083
11157.1315,13492.7491
4120.5398,18056.6731
18205.8260,17957.5169
5324.9630,16928.2852
10625.7065,5121.9942
12301.6182,7426.4923
3819.5544,14742.1872
5209.9088,9290.6474
7909.5815,14536.0942
2173.9153,7914.8502
13813.6484,12759.6135
12133.3895,986.4737
7693.0872,695.3292
4078.2338,6951.1384
5769.2021,17436.0946
121.5389,1310.4443
3992.9657,7811.8824
5804.5820,1051.7068
19051.4159,1805.4197
5361.6775,6172.3346
15084.2660,2646.3173
15927.3873,9873.3323
633.2580,6331.9095
2424.0206,1438.6016
1074.2355,14544.6465
9280.3521,12626.1838
15867.1192,9342.0387
15569.2626,1494.8006
13929.7785,4055.4974
1870.2005,4008.8404
5447.1742,16075.8964
12774.4440,3353.2362
10726.2350,15913.8333
10973.1677,17738.0333
9801.9949,8914.6465
7342.8352,6588.2345
10310.6679,18414.1359
2339.0827,9235.4897
14499.6407,15824.9017
7920.4254,3978.0730
12134.9513,19940.9200
10861.4456,370.9740
3317.6580,19230.3295
1099.6711,9918.7336
2396.8019,19463.5116
3312.8698,920.9716
19832.7811,19126.3790
6382.7532,3654.6975
19467.1590,5777.1509
17535.5691,17521.2768
7832.7792,9522.6473
7360.4106,4269.7944
1039.5146,11778.1026
12677.9617,15316.0689
18356.5156,6746.2737
17376.7608,25.9640
3158.5020,15459.2096
1105.5617,15450.1958
4573.1013,14262.3103
11418.8437,9474.8054
4488.9646,8229.8433
4030.7425,11307.1549
11092.0188,17200.0831
744.3240,841.9813
8328.3043,13791.2282
9361.5699,15903.3580
13755.3767,4825.7661
16110.0969,2092.3006
7809.6690,17566.5159
8507.8544,10406.1053
6127.5587,19721.3050
12581.4038,13244.9136
7821.0351,6707.7603
11596.4292,13751.6108
2449.4464,12842.3987
2161.6279,18858.8643
11691.7223,18204.0625
12185.8187,16186.3030
16186.6403,19479.9373
18904.3866,11308.3507
11675.3281,11381.9044
405.1462,119.2964
16500.9506,7611.0166
6623.6620,14197.8064
19352.2938,6181.5020
4191.0536,16025.6756
3778.4530,18355.6910
14753.7452,5833.7529
7213.9440,8509.1662
16236.8278,6658.0619
16941.7562,6938.1402
4181.3022,18740.1736
15623.7899,10862.5307
19069.9114,6192.7023
36.7492,2135.1457
16716.7719,5746.3604
8963.2603,10473.1944
5305.9540,4704.3815
14747.2510,2746.5660
6190.3253,5729.1636
16998.5540,5270.2417
11247.5529,8954.6616
10911.0604,7792.1875
19430.7495,11303.3947
2509.3724,7120.8840
14896.6033,8988.2583
7459.8048,19921.0962
19440.0736,6139.6410
13799.4355,619.5880
10328.4847,6327.7465
7642.9848,12970.9066
13543.5764,5616.3324
9416.7989,3471.6612
15855.0311,11057.8827
19663.2529,9604.2367
5394.6237,14738.7240
15979.3537,7511.1878
17319.2837,14704.7235
4867.5733,17819.2502
9174.3079,8756.7175
2870.4430,11567.7252
6723.0273,3276.5259
19420.6018,11543.1527
14719.8025,11411.5460
19037.2601,16766.1108
13153.3194,13604.7447
18054.6985,10453.9625
5608.7085,14186.9274
2710.5058,14560.7871
19589.5044,2292.5947
18824.1725,2600.7641
19298.7684,14358.0804
12678.6950,2665.2147
18177.7400,15511.3533
1577.1393,7473.1794
3386.3131,7739.3025
7140.6958,3956.7817
16300.4571,9380.2037
8596.7264,7141.6425
2337.8746,19854.1851
1097.7245,2957.8884
18332.7933,10123.7359
8916.5354,12443.5234
5840.1192,16522.5404
18994.6187,5683.1826
3772.9661,12907.8689
4372.0841,15427.2116
2034.6102,9439.1963
14574.5701,1707.3227
16741.1812,19096.6608
10348.3757,6133.2049
17562.3588,2878.8706
15816.9823,8102.4270
2787.8950,2236.0113
11803.9145,19955.5046
4868.5367,12579.8750
2497.8978,13661.7634
19926.4623,11945.5896
704.3873,11809.9123
7854.6630,16260.8988
16023.1526,15413.3633
1147.5385,1214.5692
6670.3170,5826.4657
9326.7686,4755.5533
15104.6703,13551.6854
5385.5818,10912.2702
6803.2807,13888.5332
13518.4190,6035.2007
9671.1771,19547.3713
13959.7559,2004.3264
5513.3767,5836.7768
16148.7447,16113.7762
18396.8952,4761.7323
13423.2849,17418.2310
14943.3115,7602.8631
10217.7159,5413.0589
1152.7342,9054.1140
9077.9265,10206.0217
10510.9228,15569.3112
4208.6657,15973.1926
3777.7887,760.4665
3701.1083,9643.0046
9987.0064,3479.5495
2977.1285,13068.3795
5328.0047,13423.9507
539.6680,15542.8064
18590.7377,5078.9031
1514.3860,2824.3050
570.7279,17212.0621
7595.3655,13946.5379
2793.5873,17399.6151
13850.7707,1040.9806
7723.5099,12731.2563
18657.4899,18648.0050
1536.2322,2263.0467
2252.9642,14557.0712
3508.8959,3127.6543
10911.9997,6457.9922
3993.1378,881.9412
12519.9608,10643.5034
1589.7362,5346.0926
5035.1443,12377.1832
4730.4452,14048.8999
11494.4805,4678.6845
5046.4408,627.6943
15490.1738,14987.7616
11773.5893,7573.3248
5454.7755,18683.0430
12770.4293,18581.9582
5543.4282,2479.5505
7865.8465,7146.1428
18033.4455,18996.6068
7303.0715,16508.7525
3165.3250,7091.3570
7995.7768,13897.0109
11223.0584,5478.9936
11315.3487,6279.9707
2219.0237,17005.4833
2091.8245,9865.4245
13737.1812,15265.4972
648.5987,12134.0177
7427.9687,12804.2114
14656.3760,9375.5947
15949.7076,7629.9644
4250.4668,8990.2015
10966.2019,15209.6579
18300.0049,16624.9025
5195.1065,5888.2687
15804.5172,4620.1683
1857.4334,2522.0141
7496.0494,4035.3965
18016.3699,5384.5662
7046.5392,13748.9938
9193.6880,6514.3433
1981.9051,6658.7173
15121.6022,19911.0527
18565.1976,8849.2508
14130.2978,11871.0696
3633.2783,17468.6954
19178.0095,12373.9102
19849.7891,281.5832
13514.4036,8277.5776
7774.4945,18621.5522
9452.5139,1592.8989
779.3408,11219.2369
11329.0959,10833.9299
19450.5418,11160.6430
12625.5764,15149.2483
4224.9919,1225.5427
2406.1270,3316.7471
8401.8477,17876.3673
11617.0177,3859.4588
15292.6627,14228.1049
19608.8558,13916.8156
6041.8936,18814.8771
16667.6340,13673.9182
9752.7705,11343.5272
162.8194,6760.8823
7014.7595,12979.0635
1427.0216,14838.5439
2444.3152,6562.5844
8946.0959,10586.2897
17901.2159,16711.7218
4021.3777,2532.5548
15718.4801,710.5980
9209.3494,16749.7707
6858.7080,5537.7649
2929.2288,11840.3305
15453.8914,3789.3324
11482.7879,5186.8794
16955.9971,13932.3129
9874.8438,7532.8170
3824.3221,9258.6061
6663.5065,19437.8582
7073.2081,7949.1439
17281.0867,11300.8460
7351.4572,11453.4473
7698.3854,7581.9939
13324.5755,18524.3770
18664.4556,19228.0403
12009.4329,6472.0339
16877.9587,19438.1740
19475.2358,14986.2943
17794.3833,15076.8841
19860.0386,5910.2155
7547.8995,1250.2913
5411.7914,2405.6850
1524.5198,17862.2017
7847.4266,6906.6738
10657.0734,6645.3469
6617.1314,4950.2911
5507.8762,5500.4565
14279.8439,8124.1612
15048.6341,17289.5513
19095.6059,15480.9780
16850.6652,8713.2719
17605.7426,19323.2054
4852.9991,16220.8407
19045.1645,15201.4471
16575.5569,13427.0670
16944.3425,18509.4807
1092.0551,3791.8410
17202.6480,3809.4980
11809.1909,3153.5840
6990.6719,14715.1086
15378.9018,15505.9074
13438.8412,19467.6297
14979.8703,1704.0564
1600.9906,15445.3154
1732.3767,12612.6891
11303.0805,947.6446
339.5894,7090.9187
9440.0522,7162.3601
2334.2278,8018.2959
19963.4538,2788.1009
12484.1902,16561.2859
15566.1376,1199.9675
17643.3241,2569.8341
11762.2310,17911.0301
18324.9895,9637.8379
3880.7607,13796.4887
6061.3174,17167.4647
792.3144,16885.2884
5306.3618,17110.5300
14892.0543,18966.4626
17212.2430,11168.1964
3524.3797,4818.7122
14817.3902,7428.3171
3188.4584,4493.8986
2225.6830,10926.3648
10215.3747,16957.9048
9892.5838,2024.8278
13648.2933,16543.0481
11422.9655,12276.8902
16913.9816,12708.3932
11882.5033,6209.9310
15692.3584,11991.5457
19342.1826,3425.6743
5858.0652,3211.8224
1533.7803,5752.1905
15863.2504,3036.2850
14078.9329,19138.9921
13785.7626,8027.0953
14138.6987,2421.4074
3929.8982,14167.5221
13461.5882,6392.3674
5497.8584,2.2043
7882.2117,10827.3392
2971.5825,16178.9123
13471.5830,3800.8268
12018.9676,2883.8265
15002.1459,8558.3149
2626.0556,17704.7407
1678.6389,19397.4457
11398.9089,7330.4780
9276.9132,1053.6227
12285.7015,11587.6645
7089.8377,8637.1306
12355.3109,14839.7700
8760.0197,2596.7424
6969.8077,2436.9799
4649.1294,10619.7669
10314.9584,144.2995
9590.5465,3369.2086
960.1326,16079.4580
5159.4593,13423.8760
6877.3070,11069.8219
6911.4608,3429.9106
11568.2026,12150.6183
6314.4254,9573.7301
1391.5997,873.0692
19315.2488,2979.7767
6095.0710,3176.0861
19681.2868,13734.2487
17660.9656,15061.0318
7037.6199,10074.8400
15045.5997,195.8856
16623.8445,3156.7521
4098.7784,332.1449
4026.7321,8044.0426
5746.3352,17560.0430
19261.1874,9918.9266
7.0280,13839.4817
7919.5107,7561.4739
8273.9104,7055.6383
17277.0683,9039.6146
5154.6263,14802.4790
15559.4177,19416.2195
19965.8746,1252.4670
15886.1056,13938.1183
8745.7205,19416.9631
3989.1790,10822.6337
5895.9514,14650.4216
16905.0757,5865.9244
16330.2802,17495.0067
15245.9819,8512.3200
7912.9908,6964.2159
17712.0432,4708.5231
18620.0030,17881.8806
10641.1757,8336.5360
14624.9359,6469.0063
6524.1201,19235.5728
17605.6919,16003.9841
8447.7469,6353.0048
7440.3537,5525.7129
887.0524,1806.7416
9897.2333,16899.0253
1943.7296,5328.2054
4065.1204,1647.0356
7786.2364,344.4424
1110.5399,17696.4975
14602.4773,15827.3682
3705.3050,18880.0711
18847.4002,14137.9277
12982.6610,18324.9589
510.4618,3026.9468
10461.6220,10164.0471
6403.9221,2543.6695
16744.9009,205.9762
12879.7269,5215.8815
620.1934,17841.9775
12192.8445,3021.9464
19879.5996,11983.3848
6578.1738,17526.0996
18019.5553,19091.1162
2229.7677,4314.4237
18208.3112,5241.4989
17433.1243,8014.7664
10226.9874,14407.5035
11387.8115,12203.4733
17848.8906,18638.4227
6323.3226,13981.7249
17708.1530,15565.8296
19127.5252,19902.7387
18282.2814,2837.7757
14692.7994,4675.6969
14332.4057,18137.7112
2215.0266,7899.0467
14908.4359,12163.3020
17053.6954,17161.5244
13160.3716,7235.2722
2076.9816,8754.5772
14358.2877,4505.9358
19604.0146,19642.2674
19968.7622,6370.9046
18304.8904,1191.3064
237.3451,8325.6292
17077.3953,13049.7899
8135.9931,19449.4799
10214.6233,1745.5233
1961.4057,4701.4370
4214.8984,1632.0426
13083.8392,5191.8244
4127.0009,4270.6271
7397.3666,5938.2142
19234.8198,2116.0518
12275.9001,4674.7006
2594.7035,12480.8556
4564.1203,5862.2130
9359.1485,19692.5745
2874.6863,15207.2881
10444.8645,12486.0679
17106.4198,1031.8838
15901.7839,8977.4757
16423.5724,5657.1947
18013.4298,6164.2751
17155.7301,10414.3947
5131.1549,16880.1563
15562.6105,3771.2305
14666.5817,18438.1240
9476.5299,6695.3674
8046.4230,13034.6045
12884.6051,10732.2633
15038.0098,9666.4378
3671.2628,3425.3611
7228.8568,11002.1047
16847.9699,5958.7259
13176.2296,13026.8514
18470.0182,2926.5961
16670.0978,11440.2799
8623.6139,6364.8963
12434.0557,14364.3810
15637.3972,7424.4089
15513.2966,16934.0481
1923.5257,10662.8276
7666.4402,3746.2955
12309.8769,15103.8114
14896.8835,3050.1634
3992.6741,16433.3613
12515.2211,19455.4048
4665.5598,14206.3727
4884.7020,9655.5910
17793.3716,13479.2439
3376.5338,16350.3913
15593.9567,17445.6957
14321.5687,11794.3845
14835.5408,12161.4263
1340.3406,8589.3051
8915.5666,8274.8787
6770.1662,10350.3686
11563.5252,9778.9556
11682.2085,6343.0999
4754.2792,16972.8869
14249.4804,4492.3115
839.3949,16452.6324
19083.8525,3858.5418
3932.8021,18409.0185
16452.1013,18930.8849
16770.8128,8773.9418
7233.8407,7828.5714
16009.0928,4412.2228
11231.1194,7582.9150
12323.7685,8118.8864
13690.7187,6276.0666
1924.7063,19153.7747
18020.3787,16756.9132
19536.8623,6327.6271
18612.7751,6827.8936
1238.9915,5080.1682
405.4668,5205.1071
4250.0471,1865.0113
7373.1996,4726.7568
19110.3284,3275.7679
9428.0221,18937.1589
19366.9235,15858.6597
16091.9156,15737.5577
15968.9418,18931.0696
12840.2984,9692.5765
7295.6221,1930.7337
15106.7736,13670.5631
11226.5361,9538.5611
15906.9918,4766.2404
11252.4125,12171.3845
9698.4125,17709.4445
11973.0063,7636.9434
7393.4173,5957.5297
1555.3378,2603.6199
16716.4693,5357.5384
9629.3267,19864.2456
18323.7771,10560.8072
14888.0614,103.8277
10806.4198,18182.1735
8727.8596,12299.2954
10609.2189,1007.1930
13311.8713,1352.5169
9013.5711,14810.8209
16020.3771,12454.0219
8288.7554,196.9513
9358.7018,1499.7650
3698.2235,18927.8534
13193.6310,1104.5395
5553.2720,3471.5189
14547.3567,17401.7742
12608.1222,7445.0102
840.3022,17643.0742
5598.2502,14654.6373
11146.3665,12509.4392
14601.1749,4662.1695
16050.6706,4979.4025
14062.7320,15850.0716
11791.0531,12388.2894
10321.1566,17294.2876
979.4275,14437.1630
16633.2043,16535.5621
1377.9720,9517.6502
4128.6532,13970.8737
160.2164,4700.5121
3923.8887,11050.0997
15813.4371,17615.3836
6779.3047,19080.1613
4826.5750,7367.5626
19557.0368,10592.1039
10613.0046,16561.3132
19615.3900,12721.7970
1311.8620,1643.3240
17781.6568,6902.2056
5078.3009,17892.6776
12689.3505,12277.5249
15465.4807,7095.1996
11726.8334,5089.9729
11492.5585,18739.4192
13385.5110,12121.7672
11679.1206,4206.8242
19607.9251,16959.5212
8998.2677,4993.0388
10315.9848,2882.9769
3585.8671,11297.2983
9291.3979,11808.2765
10236.8636,12582.6973
10911.9518,9184.9248
1791.8970,19479.2898
8812.7501,16767.4218
10842.1539,4122.6251
1287.7439,17408.4300
8842.2042,916.5044
13075.4988,1188.5009
7484.4010,8761.8827
18933.2948,13231.9312
5641.0767,11508.5513
6232.8803,3164.8960
4314.2614,2888.7794
1583.2584,5454.3149
4615.6890,10735.0110
5523.2989,4766.7834
18754.1909,1792.6647
19722.6003,8990.4492
4503.0937,16129.6178
13137.5339,12137.3900
668.9896,18749.9034
10601.8997,976.4639
4198.5205,4239.9285
15094.4459,16684.8543
15680.3452,15139.9411
14103.8608,16573.2347
16604.5301,2657.2093
7056.4048,4357.8633
13395.6963,7846.3528
9256.2196,17434.4502
18271.4448,10715.2939
11809.5335,725.7460
17168.0242,13145.4553
18638.9638,4770.8967
5374.4505,4027.6076
13390.9276,1693.4873
13446.1720,5841.5104
10922.7159,19759.9161
623.3621,10807.2359
1133.5587,4611.2758
7215.0133,15016.1307
7989.9016,13257.1189
16693.7330,17788.3172
5830.6675,8587.2605
16888.7405,11895.4349
17637.8320,19306.8359
6924.4256,6993.5451
10456.6927,2342.5319
10215.0450,10947.4384
15297.6803,2770.7956
10561.5317,3285.8087
19684.0813,19704.4010
19271.2081,6964.7100
1004.8866,977.1661
566.8951,9997.1994
11770.3398,4630.6797
6060.7661,11217.9508
7259.4870,14696.6070
15661.4864,19019.1216
13600.4425,2345.3253
12039.3053,19638.1497
18986.9095,1052.9758
4073.0484,8105.1720
15161.8207,5173.8743
11190.0145,11769.6279
14982.2250,17527.4339
8689.2559,5523.7518
11398.1654,12505.6688
490.7057,18194.9274
5726.1624,8896.3292
19597.1855,6931.0581
12875.6205,1881.3973
19778.6899,19992.3141
18074.2228,11051.8116
1152.1505,2640.9432
18816.0493,2785.5244
3611.0418,14028.5122
9492.1296,9074.5692
12050.4248,11232.9793
12516.4852,16284.5786
6876.7503,11788.8126
10765.9344,4709.9958
2502.8651,12302.1178
14607.0233,3552.9343
16270.5726,17006.1840
19858.3057,18077.6633
4882.2439,2874.8956
4184.8952,8672.3139
6327.0066,551.0538
19942.5287,14695.0784
11197.5579,17276.9906
11110.6347,9390.1357
9245.2814,2055.2277
532.6908,5253.6472
2721.1991,17509.2333
14704.8240,16734.6426
7146.1709,14493.1268
17401.5762,15847.1527
17898.9313,5558.0636
2315.7452,16169.0008
8690.5504,11285.9191
278.5229,18872.4642
6060.4184,5056.3569
15847.7785,18061.9721
14294.6051,14054.1469
4129.0333,4335.3147
16205.0196,13439.1906
12892.8414,11829.9954
957.7430,1742.6323
5125.3514,9161.5881
16289.8992,16625.4984
7613.2635,9598.8267
17515.2276,596.9945
11192.1825,16618.7648
18674.1998,297.2770
5781.6543,19628.2608
14639.9768,11248.9480
18903.8030,4747.8948
19488.6391,10026.9690
6523.3685,16441.9030
12380.8386,306.1062
18083.6268,15316.3990
13548.0798,14778.9888
289.7147,14022.5727
2825.0693,1164.3976
4191.6555,15721.2404
19904.9107,9047.8973
3016.0014,11829.7290
7172.3566,8856.8994
13264.6577,13214.2530
12641.6686,1602.8581
14758.3265,13640.1888
2569.3993,6282.1473
12332.5931,11583.7118
9984.0218,7571.7161
1465.8120,8725.9988
14750.7677,18621.8831
2312.9408,4414.6857
10084.0978,13514.8439
6540.9785,19624.9002
3354.5990,14540.9629
10612.4695,8889.7807
5179.1628,13791.5662
9992.5249,1083.3440
15041.4290,15285.1443
1478.5038,4980.0452
17406.2681,16791.8348
15192.7345,2305.9754
11460.4015,16108.1798
67.0847,9933.5108
3145.4461,1924.6877
8326.3703,6203.8550
9658.5541,6275.5193
15063.4931,6860.4729
8751.5209,13000.9929
458.2476,7632.4854
16453.1178,1729.1707
5540.7462,5010.8765
10942.8528,1862.5014
17275.6708,4004.1044
2148.0612,15941.7388
13303.0979,15036.4213
15908.4935,16437.5460
16915.0140,15788.4183
6126.8111,14007.2452
5986.6878,18972.3628
10855.0278,6795.9092
5176.3315,17139.0736
4540.2699,2141.4797
11480.4362,18199.9854
9018.6599,5078.1203
13149.0724,13402.1222
13513.5828,2551.4464
6421.6645,10442.3482
5064.1904,12034.1051
19741.8141,3943.4126
3075.6033,8772.2710
15837.2834,8540.6146
2941.5254,11770.6240
5871.3166,15217.4106
16391.2415,18353.5979
15250.0373,2083.9950
12386.2176,1958.9792
17446.8220,14033.1840
16790.4241,10306.8207
8746.7883,15774.2634
19697.9766,3244.5907
9845.8098,6130.8262
4289.1067,10488.3264
4501.6055,2028.6177
18808.4660,15011.1654
404.5856,11962.4274
18289.6480,877.2086
19203.6525,6679.8716
3599.2925,11218.4018
3808.6731,7406.6737
589.1248,18010.3287
445.0062,14342.1179
4193.2439,18627.5070
14677.6812,17144.7151
5254.8451,15097.9684
