18995.8645,7990.9792
10557.2051,6492.1340
6161.0385,10154.2333
9668.2730,18741.0332
3616.0248,3211.9408
12301.1554,10423.4307
2916.3794,10629.3530
19290.7489,14975.1681
7141.5799,19383.6720
7299.5589,19204.8458
18759.1559,15063.6365
1695.7219,11205.6572
11891.7289,4619.5766
15076.6806,5307.0623
19195.1027,2841.8986
10649.8826,9846.7743
10592.6274,835.0099
2268.0642,6145.4259
13874.0676,13124.8880
11451.4665,2265.6378
2846.8267,5181.1376
18325.4502,11719.7676
16908.7187,10739.3301
3311.0153,17792.9462
15260.6558,6587.1877
11734.6428,4753.3311
12408.4186,16391.8930
15087.9302,18225.0972
3388.0717,19003.3997
1765.0674,2587.8455
5043.7389,6650.2130
6757.2681,16817.4246
17376.5666,5912.9671
7592.2705,2337.1693
5662.2224,16649.5454
18968.8985,6096.7768
6250.3080,2174.4506
42.5001,18544.4455
16734.6450,11395.6297
9165.1813,10280.6428
18998.6392,14827.8905
1045.8594,15573.3884
11149.8201,13943.0427
8721.9547,3696.2250
2758.4509,4597.3845
7101.2104,4461.3045
6215.6033,19832.1982
9103.5093,16422.1020
17060.5816,11433.6114
15860.2480,18503.6098
13500.2365,8823.7058
8672.7591,9336.8612
1905.4067,14682.0109
775.2938,10444.4219
11273.0555,2379.0817
16179.4005,10640.0350
7974.0550,3430.0903
6358.0943,13609.6409
17679.8927,18304.3301
1685.6042,3543.4870
177.6660,4713.9885
14797.1499,6222.6425
14074.1467,19489.4024
12152.7009,4245.0694
11925.2966,19236.2691
6545.2884,4133.4016
12156.7971,408.4447
8006.1830,1563.4443
14359.7513,10793.3767
9011.8933,13925.6565
13668.4974,9093.0367
3089.9852,10493.7442
13532.3305,3159.4669
7117.5325,11523.2847
1924.4598,229.0512
8570.0116,250.0747
11877.3338,1899.8506
8435.2889,16941.0061
18913.7614,19994.2829
1573.3809,12977.3491
18585.0629,6166.3882
714.9253,8024.4205
15675.6842,8108.4982
18527.2980,17178.2057
19764.5349,17392.3322
13336.6690,2595.3347
11844.6860,3502.7194
634.0880,1318.9639
12383.7758,7337.0587
9059.4519,1779.2453
7031.1946,15556.3895
6201.3016,15370.6015
15795.2887,12433.3702
9603.7139,9566.7016
7179.7863,12747.9606
458.4003,5647.7847
157.7343,3148.0468
13131.1499,4878.3613
864.8362,3528.5601
4617.9719,11535.5136
853.9146,4352.8496
18106.5805,11167.2772
4368.1405,16653.1142
4640.1352,16057.9289
10.3731,8284.8373
9520.1754,17793.1522
6089.7816,10072.2177
2196.1864,1477.8263
12305.9691,13157.3051
18793.9630,15822.1556
17212.8606,14019.5529
18825.8174,13189.0544
11436.8787,11425.4295
10593.8459,18995.6553
14046.1289,13921.2605
14883.3489,18038.6387
6001.7213,4581.0263
15194.4336,17215.7909
12572.9489,14547.5311
6138.5831,8155.7551
238.5343,11831.2367
16363.3945,19261.0569
6015.8083,8597.8177
15370.7798,15796.1290
15829.6476,6966.9449
10863.9243,13229.1481
14868.8031,3322.3001
6222.0628,5785.5279
11803.9756,6192.7002
14580.8053,10787.1432
2986.1447,7653.7357
13992.2840,15431.8001
5347.3523,11006.7069
6265.0945,9413.9780
9013.8709,1077.7500
14374.2273,10796.9231
16361.6810,4573.1821
11797.0184,16643.8166
5773.4617,338.1708
9321.9551,12868.1560
18792.3465,6655.3688
11944.5434,4701.0581
7165.7514,19405.8299
19969.9227,14856.6791
9385.0030,17879.4209
2960.8203,218.7736
10773.5031,8492.9401
13049.5304,9530.3825
10432.4037,2338.0066
19808.8152,12510.9284
10849.1896,4295.0195
14267.2381,12462.5007
8275.8925,2887.7957
8801.4620,11525.0675
1463.8770,2756.4059
6093.8182,18910.7474
1918.3877,11042.2387
6077.8835,936.3453
1110.4075,8605.5652
17865.5214,6651.0227
14431.3378,2114.2738
3981.8526,12853.5578
10160.1223,9915.1844
18372.8226,7008.4343
13837.6257,7530.0274
15492.4229,6490.7062
17142.1793,780.8750
15774.4250,17962.3688
2521.8517,6376.9962
2250.6812,6470.6896
10975.8987,4550.3776
3744.4510,14172.9299
9218.8302,3609.8745
9296.6718,2453.4245
13266.3057,11275.8149
12810.7816,14528.2017
13964.6305,5632.5669
7750.2713,6114.0366
17670.1163,9934.3833
14961.6050,16900.1841
10890.2624,8153.0837
219.2829,8986.7818
16364.8484,9873.9007
11908.2906,4043.7544
14110.4197,1309.5115
1444.4956,4864.4468
9574.6263,5241.0792
13916.9757,9758.3659
15815.9801,11723.7240
5024.7671,1963.4777
10180.1789,10155.0648
13813.6995,12431.6241
18443.3354,13533.3999
8845.8092,17314.6022
12450.7727,11245.7227
14576.5738,1308.3501
766.5478,6943.6881
6393.9796,8895.5220
10530.8800,10927.7252
12884.4955,16113.9992
2196.6009,10814.9339
3159.6612,16972.7032
7897.6113,15220.2348
3306.9953,19033.9529
12712.3954,6118.3870
18730.2253,6225.8857
7062.4881,16274.4041
14478.1927,6860.0285
12507.3342,9603.3535
5220.0545,19151.2244
1722.6204,13417.2533
16975.8265,17265.3538
8714.9380,2422.4257
18342.5066,6768.3925
8306.9749,8805.9827
17574.2195,2390.1511
10409.0270,8702.2398
17954.1282,13224.0798
1304.3732,10565.3857
7509.2839,13207.7894
12172.0881,7245.7745
12155.6568,6252.3120
12397.0198,1137.4413
15436.3239,2435.0956
14189.8105,2372.7099
10172.0896,11217.0027
6682.4336,16643.2324
6011.7589,4977.8361
6444.5233,7769.4083
3624.4141,7139.2634
10761.3750,787.4149
14061.6383,12334.2349
14918.4375,13465.6031
15630.7836,5835.3125
8501.2416,812.1488
14752.4744,10645.7228
336.4355,7601.6038
11112.9703,4690.4960
6683.3487,2924.3838
16102.1941,11375.1446
2786.2838,10951.4658
16851.3765,7233.3139
13532.4282,16778.1857
5032.6124,10886.3688
16368.8534,18575.3871
18507.0757,10343.1507
1061.3522,7766.0083
4785.4608,17044.6549
15795.5686,10953.1289
2876.9616,14079.7501
4905.1819,3335.6195
17692.3218,6199.3630
19260.4330,18690.9043
3378.0503,2452.3126
5592.9242,7527.1111
4411.7503,18544.2816
14900.1320,11138.8060
2322.9985,7051.9895
14261.9710,11969.7610
722.9237,7510.6432
2919.2242,186.1503
1627.5792,16179.2477
12188.4940,19090.0996
3030.5201,17900.8873
15323.8206,1425.2020
13141.9127,17602.0593
5037.8003,13083.0135
17954.5610,7917.0916
18698.8640,4719.3740
17020.2370,5943.6668
9921.9068,8685.5751
5788.0803,1561.8677
3704.6537,9389.5919
9476.3464,12334.7450
13867.7036,12286.1510
18939.1357,573.3079
12826.7397,18248.2569
171.0170,2977.9541
9271.5966,19225.6936
10708.8875,13679.9535
7060.2720,3159.9315
12829.1146,10968.7774
15182.6725,2566.0869
5318.6829,880.1072
951.3875,12626.4940
3278.4898,18205.6790
4451.6357,9746.6983
14530.3391,1790.8427
17727.1209,16840.8690
1039.1456,8884.0486
14238.9024,9554.2221
15918.9061,18790.4902
6451.4420,19253.6621
18751.7872,8703.2360
17608.3935,17112.9355
11567.4611,5586.2030
4104.8769,18726.8836
2050.1817,16853.1712
17109.0642,11257.1468
671.3964,11637.9952
835.2416,10831.5899
8612.6719,12505.8900
3442.6000,17403.3326
19805.5739,14334.8473
3134.1789,18927.0847
6590.9549,11487.2249
2708.8057,1478.0126
15034.6947,6015.7941
1789.6042,4494.2682
6367.1527,752.6321
13321.8680,19277.4314
10554.9989,8095.3436
1973.4111,6216.8832
10161.9287,9062.7398
9109.9051,280.7554
11456.9152,14557.3224
3737.5458,2193.8586
12408.8194,19141.9096
8308.5325,3564.7205
7356.7404,13498.7216
321.6835,6108.7992
17041.6422,19056.3314
17413.4993,19691.8827
14606.8063,8505.4793
6202.7960,10695.1577
11178.5332,846.1388
312.5101,17256.7976
19276.5540,13523.3426
1994.4713,12760.1690
16011.3267,19674.1129
8810.9910,2888.0917
6087.1972,3492.6396
18882.4047,3465.8075
9304.4828,16396.2245
5876.1206,1411.4825
9352.5479,6637.4742
15704.3913,5268.6418
9919.6305,17027.2111
19970.5167,13052.1109
15839.8934,14118.7640
11473.6505,16273.4368
87.8592,19843.9165
9371.7976,7693.6984
17888.0542,10681.2733
1179.5888,3764.5842
9165.8465,8908.8306
15188.7765,18804.2080
15024.0236,5258.5968
6316.2850,3869.6291
8161.3342,10670.5713
11379.3993,5271.3855
10949.8960,8559.2767
9457.7975,1190.7421
1724.0991,16603.2591
8627.9439,17216.7460
9360.3947,13421.6222
19789.8677,11751.0918
5623.0818,4279.8174
17922.6919,2439.2164
1033.1487,8871.1733
11113.1873,18516.2801
10767.1575,3592.3740
11783.9981,1700.7791
6524.6358,13498.2594
7042.9746,7652.5294
11023.3239,16179.4769
15826.4853,14606.9845
17364.3770,12358.7822
11635.6784,9637.5979
5193.5077,6337.1242
18166.9670,3871.4951
16632.3200,4716.6491
17324.9453,6556.4596
1092.6788,19878.0210
17653.7945,9590.0505
11193.3838,12759.9220
19272.0772,16216.7880
8961.5707,3697.8109
10007.5219,5624.9960
19163.6443,18502.8513
13742.2219,17438.2332
10215.1261,9914.3181
5568.4568,11776.8529
9813.4957,924.1117
3531.3020,15693.2545
14019.6313,15340.2858
17704.1649,19005.5563
903.0521,15374.4068
3835.6527,7445.3805
10752.1601,3857.3967
11000.4905,19855.4793
70.1088,5513.7209
8902.9372,6031.7889
10390.5282,9328.7902
16194.9143,3610.4857
4196.0762,13719.5633
4904.2093,653.3004
6092.9838,4593.4154
5869.0330,10394.3517
881.6774,962.0740
3633.3237,6875.5195
14382.9462,14468.0254
11509.0004,10250.6795
8127.2979,12892.0773
10279.4828,6312.9295
2140.4527,15841.6144
219.3948,12488.9423
11334.5561,15954.7542
186.9784,15787.5076
12444.5958,5531.9743
10546.1277,16875.6552
15015.5718,12332.1415
2569.8191,11844.5638
16610.5675,8646.9501
13246.4204,8933.3772
14372.2954,17814.9358
18581.3193,15797.3002
5946.6426,18728.7287
11817.9785,6008.6499
2427.0808,1159.0370
16406.0693,1931.9227
5172.0467,17173.2485
10307.2327,8909.9825
14627.9764,7830.7741
10325.5309,14789.1145
16189.5979,10718.7671
9126.8045,16033.6056
9944.3170,4858.0390
17419.0902,3522.9915
3115.5891,7851.5297
2092.8548,2067.4088
12750.8822,11972.5754
1917.3707,13685.4689
16341.2907,1258.9721
11461.0704,918.2824
11577.1149,13665.9624
17275.4930,15354.8822
18798.5205,15709.9644
2930.5687,15166.5774
4528.4881,7427.6065
15909.5339,10138.5169
16942.9182,15274.1096
156.2655,9324.1015
9988.0105,17513.6195
19371.3371,19903.1656
4484.2552,5933.6189
11436.1714,19887.9402
12475.4040,11400.7821
6576.9764,3705.8154
15418.1675,15831.2223
9770.1303,9513.3699
8321.8988,9107.9538
5426.9457,19218.2418
12647.4240,957.5689
19475.7171,2497.4039
8686.9048,1751.4433
4647.9513,2167.7348
12638.7263,8707.8816
1175.6871,6801.1810
11462.0513,12478.0113
9642.5064,7210.9205
18294.5525,11483.4222
3498.2820,16532.4540
18132.6529,18776.1114
186.3650,5131.3800
14923.2248,7012.4527
6600.0715,16724.5994
2268.9430,5157.5066
3737.1452,13913.1980
14158.4776,10115.6812
3854.0272,10737.6707
3512.5853,3389.2359
15209.1186,12238.9865
5892.1795,14301.0732
12728.7930,6499.6239
7881.9743,12497.4069
4019.0968,11967.9175
3432.2466,10772.4267
12770.9520,12167.5909
1259.6141,6824.0012
7392.0055,4100.3185
4604.9233,14297.9954
17140.6494,14047.3382
15394.2852,19399.4403
19198.3319,8263.9987
9327.7149,10944.8054
3119.4408,16480.6531
161.2003,4843.5496
17188.4134,11188.2662
8094.0384,7870.5907
8702.2937,19320.0535
17477.1660,19388.0984
3521.9354,5759.2700
17858.5837,18204.8178
7926.0570,18259.7258
7291.9803,16126.2106
3136.5276,11770.3064
10200.2624,8081.8507
5391.3631,12745.7432
17963.1076,4584.1419
2089.3436,1211.2016
13918.7588,7654.4724
4475.0440,17418.8610
17338.4087,8403.3454
13850.9917,17022.3927
125.8932,4659.3530
4598.7143,15030.9904
4442.9890,5940.0656
2262.2727,12722.0850
3856.8277,1137.0561
10711.0332,12769.3856
15514.4119,11331.8446
18116.3500,8070.1947
4831.4675,18751.9822
10881.1600,4417.5676
16324.3875,16711.2896
19904.3560,10372.2341
8108.3003,8796.0463
7447.0726,2360.4823
12435.4947,18223.2192
17289.3856,1887.4826
19933.0723,19830.3814
8194.0064,11117.6838
19908.1651,18140.5122
13422.0339,10521.0778
5313.8614,7035.4724
14931.5952,8887.5270
7258.9235,8440.7715
2843.9860,4869.0868
16833.0532,17668.4076
10206.8925,3853.3703
11451.7569,7767.4399
3931.7480,8249.9369
17832.4516,11074.3743
2182.9465,19050.3240
2039.7144,6502.5471
6959.4910,1712.1620
17529.1891,14763.3713
4700.2963,9569.9960
1343.2890,2060.7515
6994.3127,18939.0229
1879.0098,2027.1385
15845.1382,18266.4816
7142.6664,7026.7170
6895.3582,14907.1162
17213.8914,13002.1755
11639.4149,7948.4509
11010.2040,14691.2832
15002.3731,15721.5925
5875.5141,8506.4721
5998.4552,7004.6812
8483.5853,6609.8425
1584.5785,10500.0085
5751.0554,8754.4048
7447.8822,14618.1211
19412.5068,8968.5365
1640.6436,4805.9998
12185.6603,3844.9730
3609.2225,6691.8774
4230.4779,10730.4291
11132.6013,5295.1179
2474.9083,18500.7563
2470.6887,1397.9006
12004.5948,18086.9594
16226.1338,3443.9775
17927.0057,17325.4669
739.9897,17626.8831
16131.5290,12128.3465
5147.2843,8726.1164
13131.9984,18723.9525
14674.8291,2476.9913
10282.3272,7448.9026
16971.6888,17749.6625
2158.0009,4126.5439
17608.3645,17021.3508
2707.4155,8535.2905
2671.2797,853.7195
12324.1458,5502.1194
4205.3254,15631.0648
3959.7470,9734.5826
15520.0194,5496.5803
11449.7002,12555.7745
18278.4049,6215.0691
5367.3802,9384.6126
821.7279,18055.1835
7162.2516,5614.0530
4465.8097,18782.8466
2845.7197,19580.6902
4871.4740,9977.5357
7084.2614,6367.4234
576.1374,582.7072
18599.7952,14385.5390
18509.3970,371.3282
7739.5438,9209.2592
13832.2876,6206.5656
11654.3590,7099.9035
10058.3771,3992.2166
204.2238,16856.4906
14920.4799,14994.7927
16368.3903,2665.8002
5396.3358,2801.7065
13989.3289,3660.4667
11669.7364,15115.0368
7921.3680,17693.2828
12673.9189,3083.4717
14949.2892,13991.9611
15837.8278,13654.7187
13578.1612,12331.8603
16267.6724,9594.9863
12811.0524,1018.9520
3.6218,14333.7113
15918.6354,10549.5318
3221.2252,14020.1164
10598.1173,14355.1654
11501.8363,7908.0666
6566.6915,14308.3604
3451.0623,15898.7269
6313.3357,9267.2302
12507.3873,4214.7822
14081.1941,13153.3546
12375.3129,9644.8983
18026.3766,15505.4401
19162.3676,736.7648
13948.0370,13456.0884
15621.1781,26.2754
13024.7549,8023.8638
2182.7005,5896.6360
16736.0445,13677.5203
5133.7615,16233.5462
14592.8500,15521.2498
14573.6074,18228.5398
9401.7349,924.1756
3975.2364,19495.1515
4634.5868,7250.0905
6797.4617,1970.6479
16074.9254,11581.3157
677.7643,7222.9208
2076.8223,331.2478
14054.9945,16372.6261
17592.7592,1594.8275
16019.3396,8767.3735
14998.2809,9826.9860
7070.3882,16774.1081
10017.7586,11804.9913
13771.0411,17699.0255
18267.4098,18303.3186
11073.7914,5811.7152
3886.3630,15700.3492
8362.3172,5269.4770
5978.0119,19215.3120
19418.8286,17460.9932
16181.9522,6927.9061
6478.1991,2878.7353
5878.7628,883.9500
14487.1063,10859.0595
11951.5856,17514.5115
14112.0144,17340.5771
19554.0145,6452.8130
6535.8550,9083.9227
15081.8185,4495.3108
7764.2703,19348.5086
11346.7987,3986.0987
18522.1986,4578.2521
18387.1456,5865.9868
14425.1985,1799.7414
9633.1998,4877.2728
13877.6639,16067.9426
6561.3669,7674.5336
17128.5603,1816.7736
16308.4076,1065.2924
2178.3433,3485.8268
7533.7201,13975.6526
19711.7053,7164.2427
9098.3622,10160.0270
9478.7749,16440.6029
4419.0804,19209.0882
4101.4962,16490.7047
11508.3043,2293.6741
8056.2268,2200.4469
18072.0707,16251.9095
9349.3425,17290.8269
12982.3030,10025.0431
17237.7822,1303.0966
4182.2797,224.7111
11002.9236,9933.6277
7152.2026,10900.0909
8248.3095,12134.3035
1565.6207,2604.1756
9830.1360,19865.0418
18909.4998,1078.1365
9992.7107,9876.2161
10405.7253,78.4040
18601.2772,12836.3973
13363.4608,1079.2377
5693.4284,4246.8957
9591.7343,9377.9809
5879.2750,1680.2654
14033.5405,845.8348
7476.3521,5801.8699
54.0542,6674.5643
5806.0558,17447.8486
15403.1157,8610.4033
4009.8324,6571.7472
4141.6171,11839.0994
9483.7510,4832.1545
12923.2662,19408.1398
9223.9010,5392.4701
8214.9127,5667.8165
15652.2909,6890.8408
6653.8546,4130.0419
13062.7670,1480.9891
7923.7410,12905.8401
15448.7133,12899.3954
1219.4509,8054.5088
19740.4858,2408.1813
281.5885,11716.3228
15595.3867,13770.4301
4894.7480,19648.9934
16754.2170,11110.2333
7162.1202,19006.6116
18535.2277,9405.1443
18501.6655,6764.5191
13728.9408,19484.9423
8617.5632,8233.0970
9759.3286,5893.2263
145.3745,11156.9996
5129.0186,13065.0959
9615.8615,7319.3614
8793.9563,8738.3364
10563.4885,13607.2635
5183.5844,7598.8863
13713.3145,16688.5874
18654.9366,6600.9812
19441.3694,8666.9821
2150.8681,4132.4946
16024.0998,17370.5352
6379.6501,5857.4696
8877.9517,4223.3704
9926.6491,69.2209
16003.1202,18117.4782
9727.9590,10206.3617
7188.8686,14865.5754
3776.5154,18986.6017
711.4530,15715.3244
17819.7402,1778.1947
6449.9186,19116.0928
17526.0910,10571.1656
586.7548,3572.4459
19179.8384,16681.8842
3731.1657,7136.8777
12450.4360,3721.2338
9531.3403,15498.4839
5231.9434,9960.2999
2608.6817,4167.6445
18897.4887,3980.8917
4810.7617,2903.6832
10778.1329,17825.4394
8146.4081,16819.5892
1843.0181,13512.8544
6957.3669,18832.9649
4578.5730,2517.6252
4174.0275,9617.2350
3348.1090,215.1959
14183.5101,870.1030
11188.8025,9938.6291
17259.9058,11985.2128
17837.4476,11523.0208
18707.7954,18309.0525
3364.5086,12693.4357
6117.8802,16751.8552
1397.2304,11502.5945
2974.5869,13826.2663
15499.9428,1202.6262
734.5835,10269.1883
1225.7148,15868.7997
18479.5354,14811.0079
5682.1269,19521.9157
285.8454,4699.3449
18850.6627,4042.6579
5259.6651,15358.1843
17891.7154,9180.9268
13147.5352,13137.8843
3821.4769,3897.9672
1892.9766,7327.4153
12695.3979,11816.5919
6136.5271,10033.6190
6849.0277,10014.0619
7046.8100,4206.3529
17819.6036,9837.9117
6158.7324,17019.8368
11125.0417,15698.3539
12611.3766,7210.5845
12427.4228,14742.0012
8999.9746,3248.9594
6223.2620,3143.6720
18593.2506,15196.3223
12837.2259,2201.5109
12192.4695,15175.7297
18681.6646,1994.1068
13956.8836,12370.2536
15925.9104,11336.4989
14607.2986,11772.5250
8512.1223,2465.9299
2144.6700,13678.6200
9247.0866,5590.2474
6773.0826,17032.9765
6834.7712,13046.4027
14230.3068,3544.1648
8083.8818,15142.9032
2076.7958,12554.2039
3645.2192,12915.9246
3732.4238,16958.1245
4303.4234,19958.3003
19543.1654,11529.1201
5973.7108,11330.7914
2602.6338,15050.9465
9238.2616,2844.5287
15533.7307,13433.4994
16969.4802,18332.1383
17509.7192,12724.1039
16315.7229,15758.8250
10822.1526,7037.5626
10795.4329,306.8993
15802.4571,13171.7620
19391.8126,12730.5758
5888.2878,16714.0968
2522.8389,13049.3638
16493.4572,13956.8029
8857.9668,15837.4125
13659.7354,4455.2599
16988.7895,154.2514
14743.4154,16146.1691
10729.0563,19960.3471
17945.3421,15197.1197
12916.6969,19542.5425
6778.5674,1686.1229
16772.4711,14206.8152
8120.4559,12118.7759
13048.6679,17613.1214
13719.2305,13843.0631
12500.3765,3182.9781
18291.2594,12986.9146
6029.8576,7596.8543
14588.4930,4007.1043
17091.1048,1901.7494
165.6977,14935.9752
9480.3869,7900.6785
19424.9594,12034.4248
5422.8264,6806.5702
17887.7071,4963.6631
9815.8660,1328.7804
17774.8709,15350.6279
15359.5503,16498.3586
10098.3995,8175.8277
2595.4233,14464.7434
16995.8877,10565.8407
14378.8088,1768.4315
8648.5176,18103.3063
3835.7087,13427.4986
10734.4871,14277.0429
130.3873,18629.7417
17544.4893,6041.7055
16369.9434,239.1131
8433.7060,3857.5699
6966.9032,10959.1355
6000.3233,11972.8004
15244.1399,15922.4622
7164.8776,10207.1388
13424.5860,3719.4076
17831.6898,9523.1915
520.7642,2784.7959
4919.5885,3882.0457
2890.8788,17123.7710
18147.5341,12864.7678
1144.9313,14161.7510
4974.7700,14849.9446
10253.2322,11076.6949
19952.5808,9013.7425
4178.6414,10612.7164
16259.2107,6689.4277
8067.3744,10034.8003
11284.7522,12113.7090
18992.5221,10390.2091
17255.2678,14210.1673
17930.7555,10075.8557
19891.7642,14631.8444
13305.0620,9677.3296
11069.3552,13360.8311
2460.5141,9175.3052
9716.2149,17295.0775
15387.6876,142.5034
5305.4302,15060.3178
11842.3621,11433.9845
2068.5283,12898.0723
13058.0216,2237.2019
16504.3463,14199.4294
8350.0170,9338.2113
7994.3036,4206.8840
15912.5364,19518.1950
5745.0434,10644.8204
6424.3207,8326.1252
4787.7788,6547.9403
8734.5445,8675.0073
13768.8882,18747.6913
13078.5018,2051.8177
13364.3197,10115.5140
12134.7776,13663.1429
18199.2145,14701.2423
193.8770,9438.6718
12009.5995,893.8437
17038.3972,5498.2319
6662.3630,3623.8100
8426.3589,666.5811
14543.8283,18887.2827
18112.8754,15083.4769
17715.2209,16996.0272
3942.8668,12508.3101
5145.2703,16832.1961
12986.9217,13823.0456
16510.8401,10494.2996
10189.8326,18845.6152
15519.6456,9285.0343
17242.0401,13534.1834
17044.6514,19686.4336
894.7765,5163.0417
17723.5082,14897.1892
2426.3694,6347.5414
19890.5650,2928.5991
10258.7329,12556.6237
9483.5598,15887.6138
14159.6685,2865.0814
7671.5808,7794.6287
9812.5993,1300.4515
7782.7275,17390.9199
18945.9300,12176.4953
13062.6600,15085.1078
5490.7676,18077.5555
18025.3074,818.0788
17565.8651,701.1644
10166.1159,8191.4594
13163.2003,19872.6589
4140.9359,11155.3436
11135.7486,12801.8966
142.1310,10222.1734
62.3687,1142.7281
3105.2974,9194.3004
18859.0575,3912.6513
529.3917,7162.9906
12247.0359,2010.5882
1256.3631,4326.8503
11937.4857,11670.0353
15740.2609,14616.0692
18485.5716,2919.8040
9297.8992,19596.2227
8339.1524,17216.8309
10743.4477,18326.8593
3443.3121,11392.2613
17574.2519,7528.5140
12599.6285,1332.4808
2063.4964,17827.6197
5836.8658,10504.7925
5352.9881,12138.8577
7945.0487,12345.6973
14168.4334,2236.8125
16471.4205,3958.8089
9641.6284,9657.4742
256.0567,17943.5778
3737.1807,18879.9340
11106.0253,13929.1175
2558.1165,1522.7313
12181.5428,2621.2698
5277.3616,14664.8571
9208.1758,1985.4462
2086.3387,10203.3255
135.0484,11196.6483
14637.5785,18441.6332
4046.5748,18227.3700
10676.7129,10050.0004
3597.9754,445.6610
16641.0100,13497.7172
17161.1546,4995.3839
18405.3512,17135.8783
14009.1429,6198.6130
3398.2286,3480.3702
17182.9798,10194.4063
5271.5195,5281.5589
5713.6453,460.1772
15155.1430,6552.8923
19452.8562,11688.3076
2331.7188,5470.7360
1088.2398,3009.6575
420.5203,19751.0866
18242.4965,6157.5502
12801.5961,2979.7615
16489.3124,15227.2789
17868.2598,18740.9673
9901.6191,3929.3645
10403.8090,11646.6231
15626.7473,16504.4600
16642.6752,17313.4819
