10280.3997,10914.1140
12699.7140,8431.0203
3401.9092,5605.8118
2731.2009,2176.3973
11227.3110,3398.1672
13533.3659,2065.1331
11211.1462,4920.5571
19804.6370,3612.0345
15757.1448,6288.8238
14626.8753,18202.0053
13382.0582,8478.5679
7708.2593,12752.8348
16706.3478,12574.4800
3128.0018,2595.8547
9701.4631,12890.8813
4190.3994,8035.9040
6719.9337,3437.5227
19469.4336,11196.8507
2769.1109,18032.5740
10290.7630,18947.5951
13258.6291,10595.5983
2569.5921,15659.1213
10250.4231,17851.5266
10611.9027,760.3238
15682.9596,18379.0698
5253.1276,5365.6748
19686.8079,234.3588
12638.3222,19668.8443
3655.7218,12797.3943
5038.7014,7835.4365
9506.6379,4846.4633
1510.0382,12924.6860
7936.7755,18126.1588
16330.9481,12577.6571
6376.1512,1648.2875
10745.0042,11757.9465
7839.9939,10354.8073
10080.2532,19001.9206
8945.1428,8867.3996
15812.8830,5870.4497
15789.7641,2645.6758
14644.1969,9206.7614
8325.4943,8112.6897
11452.5841,3024.0049
7884.0136,8780.3200
9993.0128,5710.0798
3226.6351,9347.4676
5847.3761,248.2076
7579.7115,17927.6562
9910.1032,4256.6576
15696.4427,5249.8772
4874.7750,8004.6540
15050.9630,12652.3299
14077.7134,11694.4855
1549.4519,18480.5077
79.4925,5083.2252
15949.2166,9440.3187
9543.3104,13053.5377
17696.5327,10587.2726
14464.4114,4322.3373
17993.6342,19503.5817
16583.5628,11500.4497
18647.8865,7755.3687
6571.4047,3587.5317
7767.9550,13141.9888
14741.3110,12214.0668
4051.9919,8406.4445
16942.0560,9298.7179
12174.1413,18290.5204
12287.6247,13331.8484
11187.5709,13853.1704
9140.6132,17287.0087
3910.7437,7006.3390
6297.4336,17367.1226
8934.3475,6637.5286
15533.3458,19527.0520
631.2759,7288.9027
3564.0436,3593.4818
17606.5884,14493.6637
7032.3973,14610.0486
4493.5622,842.7756
14604.3008,229.9910
11820.6659,3218.5009
19322.6177,17821.3190
7675.1670,15537.9450
10136.7337,1232.8736
19935.9538,9604.6866
17481.1341,1313.9323
18439.1155,8311.9870
9237.6595,4003.9874
13481.4611,18814.6347
7020.8877,5501.4877
7872.9263,5598.2631
7824.4400,1864.2420
8608.0298,3691.6948
1228.5620,2646.2934
3878.7218,442.6510
11063.9181,9473.5475
19112.6210,8341.5320
11167.3688,17816.8601
14566.7171,12609.8858
9008.5896,5632.2506
18756.7055,19290.8947
7023.2986,1063.9356
14030.3754,1804.0532
18752.1662,4744.2878
39.8927,7880.6174
11911.2702,16162.8914
18521.1021,4171.7276
4599.7023,15106.3765
603.6617,4594.0455
2097.1191,7201.4980
12128.4122,11659.1346
7158.7907,2002.9722
17600.0622,4733.7118
1142.7370,13244.7823
15369.7606,16149.9732
7374.8883,2268.1219
7982.1107,15924.4574
13843.5108,19514.7771
6009.5416,4034.9394
1028.4218,18836.2951
8115.5316,15296.6490
14863.9355,6012.0133
9145.1273,17088.5504
4611.9304,15982.2468
302.0711,13228.0982
17842.6013,14738.8238
1674.9769,8020.5435
8795.8536,6769.1367
14804.4799,7928.0096
18000.6612,19996.5683
10455.7817,3743.4166
14357.1071,10499.9991
6045.8957,199.6168
6286.5273,1038.1818
12932.7771,740.8769
4730.4524,8212.7599
4269.5997,19507.5889
13287.0803,19845.2479
12811.1715,13482.6074
7782.7314,10877.1604
11994.0043,10966.5115
12621.4623,10302.5800
9091.6822,9999.4521
4901.2622,14617.8407
2293.6532,13834.1151
8002.6716,8333.9912
17566.0232,13646.8351
10638.2222,1146.8136
819.5185,19905.6408
5458.6164,10730.0890
11242.4011,12091.4391
4743.3161,9619.1565
629.2925,15462.4512
12910.4333,6662.3841
14237.4455,8591.8504
3286.1336,9939.0451
13390.8658,3467.7721
11436.4144,10850.9560
1384.6355,10197.7608
19395.5440,1844.7465
11908.9520,17414.4971
7965.4448,6757.0996
12846.4650,12325.1904
18482.4196,19081.1602
3505.5830,15519.9847
10547.7515,8695.6702
8909.4953,4510.2095
3738.6745,17.9180
18584.7880,11533.1760
16539.3132,47.8310
11513.4944,12415.5623
11685.4229,7857.2291
12255.7691,4448.8700
9453.3759,2274.0063
1940.8867,7743.1541
18570.0708,13461.1089
11230.9135,688.3303
9804.0818,8473.7646
4241.4462,5042.5928
1054.0620,10412.8847
2492.8769,11914.6363
11050.3308,17987.2786
12273.6422,16273.3594
4041.7958,16354.5593
13439.9717,8806.9056
17982.8222,8930.6330
16289.2887,18974.9760
17548.5208,19305.2461
3797.2594,9903.2304
2153.6188,9785.7527
1077.3229,17280.2515
9081.9877,2559.6582
8987.4002,4476.7991
18261.3433,2161.4158
16610.1958,16211.2133
14293.6262,14973.8685
19693.1879,17888.1369
13991.8960,10559.2683
7757.7284,4459.3609
3531.6332,1408.1230
14394.6893,3251.5557
13014.8394,8663.7764
19588.1100,15377.8112
510.1139,7017.1876
17844.6228,6548.6248
14434.2596,6263.4722
12156.6504,4877.7411
13239.2623,15356.1962
14544.0387,13059.0409
126.6477,14769.9416
16575.2579,4314.9384
12216.3651,12704.7478
10194.2706,916.9901
1203.5656,7553.2842
8655.2555,11896.4052
8897.7409,3185.4500
11356.6844,1467.2292
346.6941,1365.4387
4427.1663,2228.5564
15968.1939,4622.2110
14023.9241,464.5506
8040.2303,2673.9186
19737.1594,7032.9000
15204.0060,17423.2189
7408.6686,16724.0323
12113.8500,16.9763
7945.8626,14176.0275
6549.3163,6048.0906
13623.9731,13941.8871
7401.3733,14249.2247
16179.4271,19423.7142
18118.1131,5831.9963
13246.0876,1402.0110
1808.0776,3959.0721
19733.9135,2394.3365
17514.7586,1148.2880
5576.5449,3975.2749
2838.8825,7544.9020
6992.3337,19467.5448
12445.9229,5430.7646
19937.6590,5830.6152
11023.1219,14974.8128
18091.5236,14959.6268
7820.8725,11995.3412
3079.6254,3851.7714
15052.7907,19203.2193
19089.6100,5918.2222
16323.2459,472.4865
322.9565,11616.9264
8974.4855,9985.3521
820.2352,6760.4361
6723.1384,4637.1698
2685.6630,5220.5752
1874.8032,11018.5674
9477.3982,18688.4664
8350.3706,3028.6876
2709.8669,15265.0372
3620.2032,1694.9163
11236.0811,19942.9973
3541.2967,15384.7348
4327.8435,5355.0361
10371.7889,19514.8539
6920.3394,11734.2549
6573.5563,8634.3678
13830.6336,14671.5870
2883.4419,18035.3312
7932.9172,7905.4312
18831.1395,2627.6357
12491.5980,7096.6844
19652.9981,4989.0416
9243.2967,12339.3223
4435.1860,19118.6775
5481.8732,18465.0452
7008.3945,6441.3322
10935.9396,19373.4896
9018.6511,7051.1243
19369.8384,3861.4062
9563.2925,12001.4157
1544.2099,10915.4592
17258.1991,748.2750
5190.8373,18336.6435
13364.3253,3348.7137
7120.7292,17532.4217
3617.2749,4928.6099
7484.5644,15457.0453
6041.8583,1905.9363
10898.5287,5841.4837
17782.9364,15845.4545
1933.6452,5371.8492
18344.2074,16935.2067
5059.2739,10160.4929
19021.7540,9331.6022
8016.1399,2066.4692
2249.0379,5754.9103
8716.2045,14126.8673
1520.0895,4271.0731
5284.4896,12405.4371
17650.7138,720.5865
2877.8767,9727.8970
1749.4443,19182.4897
14535.2633,14409.8591
13867.7282,6407.1381
18874.2703,3613.4290
9336.9972,17501.4930
10604.4403,6962.6526
2132.9430,3689.8510
15424.0517,17701.7009
13933.9756,13385.5018
4022.0734,16343.2856
2679.5760,16723.1143
4687.7004,14754.5534
17305.1422,18683.6094
6711.7839,10774.9801
4027.6519,11588.1891
16679.5559,7939.5681
10249.1321,16189.9405
7778.1084,16145.9352
4513.7892,13647.6338
8685.4600,14800.0913
14748.3884,13692.9886
13290.2255,12123.8603
3480.0111,14668.0171
11706.3445,14868.2378
15099.0799,7626.3449
1108.5526,19052.0077
4161.6945,16744.3554
12377.0106,7815.2551
6328.1735,275.6235
8984.6405,9733.7848
15062.4081,5469.1367
18969.2759,1252.3003
16183.6408,17695.2112
16791.4750,7624.9601
11076.8658,2748.6651
7065.6943,16245.2011
11850.8184,8822.2170
2288.7497,10522.1461
2900.9640,1479.6099
12961.4063,9892.6446
3279.5427,16759.8721
3986.9997,11873.9844
5748.9260,13258.3620
17724.9571,3689.2823
14385.0808,17020.8557
18986.5851,6938.6637
12782.3625,18564.1520
2307.9647,5768.7401
19639.8105,5036.1437
2883.9715,2102.5177
5810.0121,1270.3889
6896.5549,17127.5512
3590.8688,17067.3991
13098.3659,13539.7020
3999.2529,9345.6396
7470.5750,2606.0345
15027.0273,9830.1454
15037.7114,17325.1221
14225.2694,743.5671
13784.8897,4267.3728
4641.4913,4945.6674
4562.3592,567.3591
4828.1470,1910.6852
12842.5924,17098.1605
16040.2301,17755.3623
8982.5273,15556.9004
557.2426,4043.1661
18169.5521,14695.3830
4609.3638,3620.7238
9900.1310,9229.9658
18536.5543,17327.9511
9038.6511,13761.4571
8285.2946,16726.6794
7350.2842,9229.8962
5854.0229,221.1485
15688.0600,1334.5023
1879.7872,15494.5472
10100.4285,432.2326
9299.5022,13106.8973
14527.6660,13936.0873
15896.5405,5864.7488
12389.5918,14236.3115
4005.8652,3140.0976
19307.1339,6888.6914
10708.4768,18638.3148
12068.5090,11066.1047
16139.6216,17439.0414
5800.6256,7585.9539
15247.1404,18625.4643
13076.2987,14485.1872
11090.3725,11017.5176
14489.6776,19105.5309
12059.5830,9420.4561
17315.8612,7637.2639
18340.2222,956.3156
15538.0729,5317.1632
3455.2603,258.3915
19062.4245,14717.3859
2057.8196,2882.1295
9151.2065,5376.9241
5913.2571,10984.0509
13514.1323,17847.5671
3837.9719,17775.9152
16751.1269,2420.4088
10688.0153,12516.2896
5656.1005,3104.2932
12011.7160,16465.4691
8985.6655,6861.4932
4357.2454,14883.5639
1168.4344,18372.1119
18063.6915,1538.5409
10761.6879,11163.8254
4034.2735,9499.8362
4140.7041,8290.2227
8181.1074,7147.1280
5788.6200,15592.0470
6176.0531,820.5926
1808.5326,6504.7726
15293.5844,2125.3097
11668.1489,4432.3654
10846.0826,4203.4133
2498.6812,14905.3752
17756.7040,17221.0350
435.1606,16270.9576
9338.1955,4500.5097
7869.3548,9265.8792
13169.7979,1100.0137
14923.2265,9472.6088
14158.3204,598.9421
8717.7037,2087.8548
14197.3531,1310.6752
11357.9351,18245.6421
3007.2787,18452.7105
11042.8375,11140.4615
11019.6685,17357.1029
8478.2812,13928.5743
9993.4084,3815.0147
7425.9095,11957.0939
3210.4082,12056.9891
9173.6172,8960.7426
19963.1294,13239.4061
2644.0389,10242.5784
12180.3132,16922.7187
10621.5058,16460.7817
8860.2687,18890.3973
17560.7811,13874.1729
11384.2269,4405.8880
15861.3440,1921.9688
9177.9819,14305.4238
17035.0021,19901.5980
19097.7389,9134.1890
18263.7801,14738.1045
6597.4138,10157.9381
14108.8180,5743.5375
111.2438,15494.8541
8417.8482,12170.2308
2887.6550,18160.5097
16928.5754,9326.8497
13704.7949,10859.8975
15025.0562,556.2960
10471.8412,10419.6963
2595.5787,15468.1693
9407.9280,14665.3305
1008.5347,13331.9078
5959.4157,18932.9714
2807.5993,3274.5811
14588.4626,17739.3305
12145.2449,5401.6996
18060.4200,6715.9479
13948.2493,15683.8884
16524.9108,11550.0910
14375.0476,19790.9068
18305.3044,8742.1400
7749.2284,1982.0058
8864.9095,18202.2319
7273.5713,19066.9042
18093.6696,9600.3419
4919.7559,11280.5367
8311.3329,1865.7779
5184.5484,8656.7980
16847.2248,8776.6789
12245.4782,17475.9160
9093.7078,18443.7007
5595.7370,11163.4714
1953.0461,13333.3796
1067.7331,2856.3324
8884.4330,828.0519
18768.1028,16052.0437
12745.0012,19584.3142
16185.8223,2871.9770
14970.4709,8863.6000
9626.9961,1331.0837
10548.0300,15469.7947
17391.6566,1772.3102
8885.4844,14986.6178
18884.4240,337.2066
8831.4957,11982.7376
15905.3731,17917.8642
7861.2687,10749.6633
12341.2972,10908.7293
6976.7568,9603.9699
699.7197,9104.8633
16951.0264,6396.6453
3480.9985,12733.7041
1251.8453,15113.6455
16067.8559,15636.1217
9912.0450,1333.4649
5042.2580,15981.9649
17132.2052,3292.1495
8807.8758,6265.3394
4144.9343,19907.3014
2523.2142,11327.6603
13108.7771,18891.8058
7157.5889,14954.4415
6472.0150,13408.5354
13837.2491,15060.6856
4793.3507,17168.6778
17135.1458,10643.0534
10048.0340,18055.8757
17921.3966,2694.4973
11495.8997,14454.4929
17698.9617,1857.2831
8737.3601,2419.8927
1663.1587,9051.9832
13105.9138,306.8366
8912.9007,933.8933
1933.7966,18993.3174
9477.7590,13451.2938
6976.9037,17352.1367
16786.7075,19078.5567
18421.0363,10602.0024
6089.9834,19956.2620
9564.1727,10809.7234
19695.3022,3537.1456
15997.6730,7632.7616
12112.9510,15141.4212
3022.7036,19496.7287
11370.2192,18780.9446
16919.8167,1517.7327
14810.9713,3514.1104
17871.6210,9006.0437
3379.5726,10083.4709
6124.4047,6928.7987
2680.8296,15110.3784
4114.2289,15244.0937
11842.8251,5380.6246
13016.7556,4139.2036
19976.1792,16061.0623
19532.7458,19886.4273
15859.5787,11962.2367
10708.4629,11325.4017
2804.7006,18120.0683
12000.7029,18253.8975
14965.5992,16518.6433
12473.3678,819.5250
17680.2431,4628.6875
1526.0904,9083.1594
11741.6341,14947.3583
9834.5145,8674.9101
11394.9858,11296.1096
14916.9439,17782.4140
14547.6595,4086.5597
6338.5629,19680.4708
2437.9223,18950.9341
9580.7559,13810.6059
11813.9448,5467.6746
12428.5065,1140.8391
4066.6706,9474.2065
5063.3193,7908.7002
12162.6219,4936.9509
776.7005,17566.1700
16717.0911,9034.9480
5882.6121,7261.8815
13412.9942,14986.4746
14939.5886,17851.1473
3815.5487,3401.6947
7383.3348,7941.5433
8878.9173,15703.1108
3131.7895,16.2026
5770.5838,7464.2814
19251.2402,5050.9486
12959.2001,11076.0723
8987.4370,5775.8774
11885.5849,2269.2764
11981.5121,13007.0241
13740.9333,2044.2739
6876.3840,8480.4057
11635.9254,5468.9945
6883.6036,7081.4021
4128.4261,14800.3304
7820.4098,2126.4652
13809.7297,8242.6333
10013.4388,16842.9090
8384.6048,7033.6923
9848.7802,4134.9288
12375.7541,882.9530
7613.8846,19282.1928
6626.8145,10108.3801
18617.5090,19031.4034
10101.1907,11536.7092
12746.9254,12354.2040
18455.9986,106.2464
2856.9903,18334.3255
13985.5654,15532.4507
2460.7973,18617.1727
18268.8424,15459.1110
579.2178,16306.3721
19108.1366,16600.9657
2788.3200,19029.0818
1175.9853,12731.2670
12424.2515,3666.9455
908.1848,15340.0727
9740.1508,6005.8768
4223.1952,18984.5880
10458.5358,17112.3921
18913.8597,7838.1109
17316.9936,14837.7516
1038.4299,11061.4539
13790.0856,863.7130
3151.9048,8110.4275
12504.2394,14730.2819
19016.5716,5167.9847
6479.8607,14598.1558
10003.6816,18131.4651
3924.1983,16900.6287
18646.9079,6735.1837
8126.0996,17797.3796
7030.1894,16057.5442
12802.2172,15786.6596
7881.2887,16840.9846
10265.9437,16127.0497
4257.5068,12963.5835
14017.3306,8664.9150
4815.7567,1256.6216
11208.2557,7726.2184
18584.6011,12670.7790
3233.0437,18270.1243
11543.4409,11490.9300
5059.8387,14863.4646
8256.6820,7859.4137
19364.9672,13655.6764
9288.7574,15986.3370
19014.5082,19291.8592
19454.6207,3999.2086
4488.8871,4528.3992
8363.1485,8256.6924
8685.3810,10031.5049
9485.1952,10386.9744
6407.1343,1669.2047
14617.3240,2312.6062
1937.1963,12239.9950
5064.8766,16242.3849
2001.1809,19177.4373
15062.9790,8270.8779
18904.5424,10068.9180
13434.8311,10060.2056
780.4659,14143.8199
6301.0934,9077.3016
18365.8201,10832.4195
11201.5847,9726.2574
18922.3874,4351.4436
16005.7989,17642.4848
16049.1766,19386.4559
15039.7126,4237.1076
10389.1076,14179.1527
834.6683,3691.7040
306.4854,1434.4264
18821.0385,11713.9649
12219.6265,12853.2400
15777.0141,9315.6380
11921.1553,18487.6215
2525.3124,17030.8066
8179.0405,15788.4649
14070.6669,12746.4016
13487.4873,18625.8685
10606.8250,1866.3885
8049.6013,12536.0897
1471.6847,14552.3609
15064.8125,16882.0988
17118.5853,15048.6057
19513.7020,6500.9476
10650.7201,2493.8203
18943.2097,6020.7834
11214.4115,6872.6521
6966.5086,6038.4130
15259.1699,11064.9254
9221.6051,497.4115
13640.1719,11566.9061
16020.3779,9257.7677
9912.3913,8230.3024
10515.3808,12996.0812
2966.8308,17559.0253
14080.0784,3277.9050
10003.2648,11267.3882
14912.9060,16087.4513
4672.2655,9024.9292
7457.7715,1085.9269
6570.3991,12226.0615
8402.4096,184.4419
2448.4396,11285.9381
11290.3050,14296.9012
10232.9168,6023.1866
16392.6431,1504.3588
9343.5126,19922.9424
11783.9081,237.6252
16439.5048,7053.8321
10930.6004,17438.4356
5573.0578,13012.8014
1012.4852,18211.5639
8152.8211,17954.1895
4388.3699,19259.7838
14231.2492,19196.9163
7139.4656,8093.4788
17343.9973,6658.9688
4978.8609,19142.3935
12143.5086,13314.9404
1034.1977,18877.8040
10226.9571,4431.9105
14448.0319,9179.2689
10039.9375,5142.1488
5953.7116,11908.9473
5060.4578,8562.0187
15928.6450,8644.9484
6852.5979,9725.0430
7768.2627,18478.0398
8049.7370,12910.1873
14101.1337,6100.3148
7745.5294,1415.2652
17318.3745,14571.2885
18537.6669,12712.1917
4895.9282,15143.2836
2800.9698,17322.1769
16779.3135,7864.0880
1206.8221,13684.9838
16015.8799,9076.1124
16566.4647,11991.2967
8507.7854,15929.4398
10939.0233,3689.1714
13789.1702,17470.1314
7177.6300,17949.8291
10807.3623,14218.2678
11864.4252,11435.6201
11997.4018,10817.6394
462.6175,8075.8069
874.2695,15095.5365
16790.9414,17716.8979
2567.8592,18307.4260
6248.9911,4395.1000
11277.8097,15602.7307
13860.6510,16546.0376
1893.4358,6258.2874
5539.2892,17132.4721
17774.6578,9790.5854
13351.1267,10843.5090
15434.7965,8134.4810
9952.6421,17226.6236
1588.1064,1387.4354
12.3291,2293.7184
13185.4493,19228.0256
687.3316,17300.4749
15229.9943,15360.4700
19850.2888,16974.5140
2449.7490,19395.1798
4484.4289,11175.6018
5318.7085,14655.2414
19292.3231,4889.5336
4942.6268,2771.9233
17029.8503,14881.9425
6802.9574,19511.0270
7346.7177,15998.6775
1622.5372,15517.6582
6424.9089,5569.0653
10171.4725,6360.7451
6660.4776,8327.0794
11247.8608,4306.6728
16310.5142,14353.4427
11150.8091,26.3015
14410.1133,5041.0878
13680.8398,14486.0399
8807.8088,17276.1969
19295.6678,1834.2183
9932.1308,15532.3499
7427.6345,5044.2992
9547.9617,10723.0637
17855.9030,2851.5839
4054.5033,2387.0619
9476.2669,13275.9416
14484.3167,17920.6185
14044.3824,814.2313
4586.8067,14379.5398
1474.0201,3666.2336
15606.3161,12083.6769
13226.3434,11488.1242
6687.2981,11682.4062
13838.1891,1622.2022
6655.2804,14456.6230
15419.5959,9292.2676
2961.6338,9212.4116
11314.5557,17900.6055
10328.1667,10387.2080
12639.0633,16544.4735
15697.1819,19741.9021
16801.2107,1971.4497
12602.4071,2318.3023
908.2541,14560.9937
12059.4834,5217.8270
9944.2511,15408.5513
13390.5145,4949.1539
16222.5519,9894.2532
11806.2721,13713.9876
16823.7887,6560.3669
9841.6265,5938.2829
11254.4459,12775.2201
18603.1729,343.2418
10395.0236,10954.4387
4344.4742,1726.0995
4624.3013,7917.3390
18712.6626,2439.6771
15913.3222,10032.7242
14424.7163,2296.9510
14437.8391,10147.2729
9058.3608,242.1242
10494.5873,10622.7886
4584.5552,11290.3127
872.6139,19451.9141
1406.8356,14651.1644
4420.2207,11881.8432
9650.8783,19914.1404
7089.0752,18655.4895
15831.4988,10176.8249
10996.7943,6965.4581
8225.1534,11993.7572
3357.0011,10044.1626
1772.8227,8585.5734
2217.4819,2542.1778
19148.8779,691.7770
6323.5797,7378.4521
5630.4961,11457.3132
3715.9642,13429.0726
6224.2574,1355.7456
11721.7982,9052.9541
10276.8942,6909.8326
17597.2326,4555.4121
4724.0758,18172.2745
13339.9447,1034.6520
1814.8095,12392.0227
9179.3395,10679.4788
9146.9115,244.6244
17898.1862,17096.0237
8931.2537,3895.6091
1258.9701,12630.3405
5015.9097,1335.1560
19234.2266,5312.0944
14310.7566,7768.3239
5676.1946,7637.9454
15137.7475,13902.8608
10653.9228,12685.6167
19345.6127,15627.7161
17176.4459,5859.9134
14606.1267,13414.2522
14254.3024,9345.7948
13043.4529,18196.3176
15398.9546,11987.0014
15980.2231,5649.5062
11149.2517,17357.6633
10941.1316,18131.1842
11780.2390,16604.7698
18406.3930,11975.2593
7702.5407,638.1109
18080.4008,17115.3769
19837.7499,6419.9809
6552.8299,11979.0491
1186.5243,984.4272
16323.6609,10881.4973
6573.6149,10277.3556
15489.2057,3369.8364
39.6560,17248.1681
1802.4513,12555.1195
11970.6807,11719.2824
13935.4457,9364.9196
17950.1086,16575.2245
8120.2819,3225.4710
2494.5748,3301.7294
2381.1310,16680.3173
15741.7281,17893.3485
7967.0812,2757.2156
9591.5497,13128.7538
6489.9493,7815.0747
3694.8955,9533.2835
3813.5571,15949.7568
19534.8597,4429.9812
9969.1933,11127.2379
14532.7628,6062.8847
12070.4283,8417.7901
9273.2419,16928.5707
11538.3195,5010.3072
8553.0077,11095.5539
12800.3458,16856.3198
16000.4513,10807.2278
3515.6286,17987.8766
3693.7467,10678.8428
4019.2586,5297.9074
5165.7413,9003.6679
1630.8663,6935.5831
12651.3984,10840.8299
15753.9661,16199.2679
6242.5839,291.2920
17941.4961,11834.6387
7441.7316,8271.5505
16492.0717,6469.0245
13748.0430,8307.9614
12027.4535,19103.2538
875.7273,19635.1408
6066.1234,13388.8324
4001.4456,18688.1856
7865.1640,6801.1347
15545.3050,7674.3847
14875.5545,2367.8794
13915.4860,17256.0841
5296.3604,2736.1998
16100.8989,16422.9661
484.7312,4737.4932
1003.9787,18500.2122
5307.8652,3417.1761
14912.9996,13768.2431
12080.0245,14291.5945
343.4869,7788.2022
18626.2915,15557.4444
8341.5981,9505.0894
1796.0502,10614.3229
17406.1409,352.5861
16996.1352,19038.9666
1257.6573,14414.0243
8006.0370,1684.8051
1204.2692,5753.0129
8609.7356,11101.3145
4818.5932,16064.3917
3976.8987,2488.5009
6126.1694,1200.1271
8567.8138,15224.0970
8523.0830,16574.2079
1835.3265,10273.9759
5893.1642,15235.3150
13103.0819,17401.0943
15660.4986,2549.3566
10280.2539,14615.2501
6399.2575,18869.8878
19555.9530,5196.8872
7899.0394,4197.0169
1141.2409,7810.8518
8507.6394,13685.8290
2809.1763,9049.9691
4259.3773,16024.5678
8223.9118,7749.7521
7653.5333,12583.8234
5395.9924,19144.6782
1051.0619,320.2254
8418.1843,11340.4335
7410.6951,9947.9018
9055.7993,5083.4421
10187.5845,3316.3556
12600.4294,4118.7455
7686.9684,4042.2156
9584.4720,5385.8077
18234.7518,14581.7705
15385.1747,13590.9147
17743.9572,17558.4365
61.9340,814.3232
575.2652,2114.9864
14751.3062,6373.8663
662.6733,14612.1014
16809.7447,8498.0861
11847.4799,7980.5952
11184.0450,7260.4172
5.5387,16521.4770
6399.5370,9571.5859
20.2738,15951.9784
17831.9030,3220.8000
8114.2837,15962.6111
17067.9666,6651.1797
8567.4673,11138.2581
12657.0990,11114.5906
2842.9161,15776.3560
11880.4492,13354.9772
2570.1272,16135.0547
14126.4177,13876.1399
16201.5309,15752.8948
5054.8273,16688.4421
7917.2384,19511.6628
14103.1593,5598.4379
4886.9756,8806.2544
980.0715,5270.0427
3162.4976,2671.6117
15418.7601,4935.4040
16321.5795,16055.2072
9622.5377,3874.2069
1510.7528,17332.7130
6950.0120,485.5542
19326.4980,5473.2814
